2 0.2078125 0.40859375 0.303125 0.26875
1 0.09609375 0.07421875 0.090625 0.09609375
1 0.83046875 0.4984375 0.23125 0.2578125
2 0.6890625 0.18515625 0.1625 0.27890625
2 0.52734375 0.27109375 0.28359375 0.29453125
2 0.6421875 0.61015625 0.05390625 0.121875
1 0.965625 0.1125 0.06875 0.1125
2 0.46015625 0.09765625 0.06015625 0.06484375
1 0.478125 0.46484375 0.11015625 0.14609375
2 0.8265625 0.84453125 0.346875 0.3109375
1 0.859375 0.7453125 0.06796875 0.0859375
1 0.84921875 0.08984375 0.05234375 0.0703125