0 0.415625 0.78984375 0.1296875 0.12890625
0 0.5578125 0.76484375 0.121875 0.1265625
2 0.5984375 0.8875 0.0890625 0.14296875
0 0.4546875 0.621875 0.10078125 0.103125
0 0.36171875 0.559375 0.11875 0.103125
2 0.80234375 0.32265625 0.09765625 0.1875
2 0.640625 0.23359375 0.10546875 0.140625
2 0.1953125 0.18046875 0.13984375 0.1171875
2 0.084375 0.14609375 0.1296875 0.09140625
2 0.15546875 0.4375 0.14453125 0.13125
0 0.41328125 0.340625 0.13125 0.09140625
2 0.71484375 0.1296875 0.0390625 0.12421875
2 0.53671875 0.4453125 0.0765625 0.10078125
0 0.484375 0.53203125 0.06171875 0.08671875
0 0.5390625 0.56953125 0.05234375 0.09609375
2 0.709375 0.6265625 0.2453125 0.29921875
0 0.86953125 0.54609375 0.128125 0.09140625
2 0.83515625 0.4453125 0.0875 0.09140625