1 0.2640625 0.5 0.1859375 0.32578125
1 0.63359375 0.58359375 0.134375 0.4515625
1 0.540625 0.82578125 0.14921875 0.34765625
1 0.85390625 0.19765625 0.2921875 0.26328125
1 0.4640625 0.546875 0.18359375 0.36015625
1 0.7328125 0.86484375 0.13515625 0.26640625
1 0.86328125 0.796875 0.171875 0.390625
1 0.15625 0.7890625 0.259375 0.421875
1 0.390625 0.82734375 0.20546875 0.34296875
1 0.321875 0.19609375 0.128125 0.390625
1 0.22578125 0.18828125 0.10078125 0.37265625
1 0.39921875 0.178125 0.09921875 0.34375
1 0.890625 0.475 0.2109375 0.3421875
