1 0.58125 0.48984375 0.81015625 0.89921875
1 0.75078125 0.578125 0.3953125 0.3203125
1 0.34140625 0.165625 0.3375 0.19296875
1 0.9171875 0.45078125 0.1609375 0.171875
1 0.8671875 0.9453125 0.265625 0.109375
1 0.79296875 0.19375 0.3625 0.26796875
1 0.31015625 0.30078125 0.6203125 0.0859375
1 0.13359375 0.1421875 0.2671875 0.253125
1 0.71640625 0.32421875 0.56015625 0.0921875
1 0.5828125 0.1140625 0.34140625 0.2078125
1 0.903125 0.82109375 0.1828125 0.07265625
1 0.8734375 0.04453125 0.1015625 0.0875
1 0.33203125 0.0390625 0.3515625 0.07421875
1 0.8859375 0.26640625 0.1359375 0.053125
1 0.05 0.3640625 0.0765625 0.11953125
