1 0.29453125 0.3484375 0.0515625 0.1609375
1 0.17265625 0.8796875 0.14375 0.171875
1 0.32109375 0.88671875 0.1328125 0.10625
1 0.253125 0.56640625 0.07265625 0.1734375
1 0.05625 0.75 0.109375 0.10234375
1 0.0578125 0.85078125 0.11484375 0.11796875
1 0.4703125 0.45 0.10078125 0.134375
1 0.71953125 0.75625 0.1765625 0.065625
1 0.73671875 0.521875 0.109375 0.10546875
1 0.365625 0.23359375 0.06640625 0.04921875
1 0.5484375 0.25078125 0.16640625 0.071875
1 0.38828125 0.42265625 0.10234375 0.1625
1 0.44921875 0.91171875 0.12578125 0.13046875
1 0.77421875 0.94609375 0.09453125 0.0859375
1 0.94609375 0.89609375 0.1078125 0.20078125
1 0.97734375 0.45546875 0.0453125 0.16875
1 0.1796875 0.3765625 0.08984375 0.07421875
1 0.18828125 0.1046875 0.05703125 0.14453125
1 0.36796875 0.56796875 0.04921875 0.11171875
1 0.4625 0.540625 0.1109375 0.1015625
