1 0.75546875 0.421875 0.1203125 0.15
1 0.88125 0.90703125 0.1703125 0.16328125
1 0.3328125 0.5578125 0.1359375 0.1484375
1 0.6421875 0.41796875 0.0921875 0.14296875
1 0.575 0.5109375 0.17265625 0.20625
1 0.546875 0.69609375 0.22265625 0.28203125
1 0.38203125 0.415625 0.13125 0.15859375
1 0.84140625 0.4578125 0.0921875 0.12109375
1 0.71796875 0.91953125 0.2109375 0.16015625
1 0.6796875 0.85234375 0.13984375 0.0984375
1 0.1 0.4640625 0.19921875 0.2171875
1 0.2078125 0.62734375 0.1203125 0.14140625
1 0.20625 0.48359375 0.1203125 0.184375
1 0.815625 0.5625 0.09765625 0.11484375
1 0.9734375 0.56640625 0.05078125 0.20703125
1 0.37265625 0.5453125 0.04765625 0.11484375
1 0.88671875 0.6234375 0.21953125 0.3125
1 0.43046875 0.89140625 0.30234375 0.20234375
1 0.04375 0.821875 0.0875 0.17734375
