1 0.9375 0.79921875 0.07890625 0.16640625
1 0.7421875 0.865625 0.09453125 0.1765625
1 0.5796875 0.76484375 0.03828125 0.0828125
1 0.6359375 0.40234375 0.115625 0.153125
1 0.5140625 0.66328125 0.07421875 0.11640625
1 0.7484375 0.559375 0.078125 0.09140625
1 0.825 0.51640625 0.0875 0.0484375
1 0.27265625 0.803125 0.0953125 0.0984375
1 0.93828125 0.1109375 0.11953125 0.21484375
1 0.73203125 0.15703125 0.14609375 0.22421875
1 0.57734375 0.49609375 0.09375 0.1765625
1 0.8578125 0.609375 0.1296875 0.18828125
1 0.6875 0.90546875 0.0609375 0.171875
1 0.253125 0.42109375 0.0640625 0.178125
1 0.13203125 0.42578125 0.08203125 0.18203125
1 0.615625 0.90703125 0.0953125 0.17734375
1 0.35625 0.87890625 0.1578125 0.23046875
