1 0.771875 0.3765625 0.21953125 0.10546875
1 0.303125 0.49296875 0.27421875 0.11015625
1 0.696875 0.60859375 0.23984375 0.13203125
1 0.571875 0.54140625 0.23046875 0.12109375
1 0.33828125 0.334375 0.1890625 0.121875
1 0.26796875 0.64375 0.20390625 0.12734375
1 0.184375 0.33125 0.16796875 0.1125
1 0.14765625 0.5515625 0.275 0.11640625
1 0.66484375 0.30625 0.153125 0.06640625
1 0.06640625 0.45625 0.1328125 0.090625
1 0.76875 0.50859375 0.18125 0.10703125
1 0.534375 0.36796875 0.196875 0.0984375
1 0.484375 0.315625 0.20546875 0.0890625
1 0.33984375 0.18828125 0.20546875 0.12734375
1 0.5265625 0.825 0.2765625 0.1109375
1 0.9046875 0.63046875 0.190625 0.1046875
1 0.6375 0.7140625 0.16953125 0.1
1 0.74375 0.73515625 0.20703125 0.1125
1 0.92890625 0.534375 0.14140625 0.1
1 0.453125 0.74921875 0.19765625 0.1140625
1 0.940625 0.709375 0.11875 0.13515625
1 0.45390625 0.63125 0.190625 0.11640625
1 0.128125 0.73984375 0.2390625 0.12265625
1 0.90234375 0.3109375 0.19296875 0.078125
1 0.265625 0.78359375 0.20546875 0.1203125
1 0.43359375 0.4265625 0.1875 0.08984375
1 0.63671875 0.45 0.2140625 0.1078125
1 0.875 0.7640625 0.11640625 0.09296875
1 0.36875 0.56484375 0.12421875 0.06328125
1 0.8359375 0.5765625 0.0984375 0.021875
1 0.1015625 0.6375 0.1578125 0.06171875
1 0.89609375 0.2625 0.196875 0.0390625
1 0.94609375 0.24765625 0.10546875 0.0421875
1 0.03515625 0.36640625 0.065625 0.10703125
