1 0.23984375 0.22578125 0.24921875 0.221875
1 0.321875 0.74609375 0.27890625 0.3859375
1 0.52578125 0.23046875 0.24453125 0.23984375
1 0.27578125 0.10859375 0.21015625 0.15859375
1 0.83671875 0.35546875 0.24765625 0.21015625
1 0.17109375 0.44609375 0.26640625 0.3765625
1 0.70390625 0.88359375 0.30078125 0.22890625
1 0.4921875 0.52109375 0.23828125 0.325
1 0.79140625 0.18046875 0.21875 0.15859375
1 0.7578125 0.490625 0.28359375 0.31171875
1 0.3609375 0.059375 0.1984375 0.115625
1 0.04296875 0.37734375 0.08515625 0.2328125
1 0.5625 0.1140625 0.2140625 0.1765625
1 0.8078125 0.05234375 0.2109375 0.10390625
