1 0.6703125 0.5265625 0.2578125 0.4171875
1 0.3625 0.67890625 0.28359375 0.49609375
1 0.42890625 0.38125 0.23046875 0.38203125
1 0.8703125 0.27109375 0.23046875 0.3703125
1 0.92109375 0.55 0.15 0.20078125
1 0.8078125 0.55390625 0.0703125 0.25859375
1 0.8375 0.06484375 0.1734375 0.1234375
1 0.13515625 0.8109375 0.16875 0.15234375
1 0.165625 0.48046875 0.2453125 0.32890625
1 0.2109375 0.23671875 0.21796875 0.3796875
1 0.98359375 0.79140625 0.03046875 0.4
1 0.64453125 0.3703125 0.1578125 0.1046875
