1 0.88984375 0.60078125 0.17734375 0.2421875
1 0.6 0.771875 0.22265625 0.30625
1 0.934375 0.57265625 0.12421875 0.14296875
1 0.28671875 0.7578125 0.11015625 0.13984375
1 0.41328125 0.840625 0.11484375 0.30234375
1 0.7328125 0.3140625 0.10078125 0.17109375
1 0.13203125 0.60625 0.103125 0.08671875
1 0.34609375 0.740625 0.09375 0.07265625
1 0.971875 0.64140625 0.05546875 0.209375
1 0.634375 0.54140625 0.10390625 0.2046875
1 0.49140625 0.325 0.07421875 0.1359375
1 0.43984375 0.31953125 0.053125 0.10859375
1 0.5578125 0.27109375 0.05078125 0.06796875
1 0.19609375 0.521875 0.05546875 0.0828125
1 0.4203125 0.63359375 0.03046875 0.18515625
1 0.44453125 0.4734375 0.05625 0.0578125
1 0.7734375 0.23984375 0.0265625 0.0546875
