1 0.76015625 0.22578125 0.24921875 0.221875
1 0.678125 0.74609375 0.27890625 0.3859375
1 0.47421875 0.23046875 0.24453125 0.23984375
1 0.72421875 0.10859375 0.21015625 0.15859375
1 0.16328125 0.35546875 0.24765625 0.21015625
1 0.82890625 0.44609375 0.26640625 0.3765625
1 0.29609375 0.88359375 0.30078125 0.22890625
1 0.5078125 0.52109375 0.23828125 0.325
1 0.20859375 0.18046875 0.21875 0.15859375
1 0.2421875 0.490625 0.28359375 0.31171875
1 0.6390625 0.059375 0.1984375 0.115625
1 0.95703125 0.37734375 0.08515625 0.2328125
1 0.4375 0.1140625 0.2140625 0.1765625
1 0.1921875 0.05234375 0.2109375 0.10390625
