0 0.4921875 0.46484375 0.18359375 0.09921875
0 0.340625 0.528125 0.1 0.059375
0 0.84921875 0.503125 0.0546875 0.05703125
0 0.51640625 0.33046875 0.08046875 0.05078125
0 0.253125 0.3125 0.07421875 0.04921875
0 0.49375 0.559375 0.096875 0.08046875
0 0.73984375 0.5609375 0.1546875 0.09765625
0 0.953125 0.5171875 0.09375 0.046875
0 0.8875 0.34765625 0.18671875 0.08671875
0 0.82265625 0.184375 0.10859375 0.075
0 0.59609375 0.125 0.11875 0.0453125
0 0.74375 0.77734375 0.11328125 0.0609375
0 0.803125 0.690625 0.096875 0.0640625
0 0.70234375 0.67578125 0.06328125 0.05
