10 0.0625 0.79921875 0.07890625 0.16640625
10 0.2578125 0.865625 0.09453125 0.1765625
10 0.4203125 0.76484375 0.03828125 0.0828125
10 0.3640625 0.40234375 0.115625 0.153125
10 0.4859375 0.66328125 0.07421875 0.11640625
3 0.93359375 0.60390625 0.1328125 0.7921875
3 0.546875 0.22578125 0.1109375 0.446875
10 0.2515625 0.559375 0.078125 0.09140625
10 0.175 0.51640625 0.0875 0.0484375
10 0.72734375 0.803125 0.0953125 0.0984375
3 0.02421875 0.16953125 0.04765625 0.2890625
10 0.06171875 0.1109375 0.11953125 0.21484375
10 0.26796875 0.15703125 0.14609375 0.22421875
10 0.42265625 0.49609375 0.09375 0.1765625
10 0.1421875 0.609375 0.1296875 0.18828125
10 0.3125 0.90546875 0.0609375 0.171875
3 0.49140625 0.1796875 0.0671875 0.359375
10 0.746875 0.42109375 0.0640625 0.178125
10 0.86796875 0.42578125 0.08203125 0.18203125
10 0.384375 0.90703125 0.0953125 0.17734375
10 0.64375 0.87890625 0.1578125 0.23046875