10 0.11015625 0.60078125 0.17734375 0.2421875
10 0.4 0.771875 0.22265625 0.30625
10 0.065625 0.57265625 0.12421875 0.14296875
10 0.71328125 0.7578125 0.11015625 0.13984375
10 0.58671875 0.840625 0.11484375 0.30234375
3 0.07265625 0.2765625 0.1453125 0.28203125
10 0.2671875 0.3140625 0.10078125 0.17109375
10 0.86796875 0.60625 0.103125 0.08671875
10 0.65390625 0.740625 0.09375 0.07265625
10 0.028125 0.64140625 0.05546875 0.209375
10 0.365625 0.54140625 0.10390625 0.2046875
10 0.50859375 0.325 0.07421875 0.1359375
10 0.56015625 0.31953125 0.053125 0.10859375
10 0.4421875 0.27109375 0.05078125 0.06796875
10 0.80390625 0.521875 0.05546875 0.0828125
10 0.5796875 0.63359375 0.03046875 0.18515625
10 0.55546875 0.4734375 0.05625 0.0578125
10 0.2265625 0.23984375 0.0265625 0.0546875