0 0.0421875 0.32578125 0.053125 0.2609375
0 0.03984375 0.3125 0.06640625 0.2546875
0 0.80390625 0.21171875 0.096875 0.18984375
0 0.31015625 0.334375 0.08125 0.25390625
0 0.4390625 0.40859375 0.05703125 0.21015625
0 0.07734375 0.35859375 0.05234375 0.221875
15 0.49921875 0.22421875 0.10859375 0.27421875
0 0.1375 0.46484375 0.0390625 0.10703125
0 0.3546875 0.390625 0.0890625 0.2359375
0 0.8765625 0.3375 0.0546875 0.25234375
0 0.23046875 0.18828125 0.11484375 0.17265625
0 0.03984375 0.3125 0.06640625 0.2546875
0 0.03984375 0.3125 0.06640625 0.2546875
0 0.03984375 0.3125 0.06640625 0.2546875
0 0.03984375 0.3125 0.06640625 0.2546875
15 0.03984375 0.3125 0.06640625 0.2546875
15 0.2421875 0.19140625 0.13359375 0.1703125
15 0.50625 0.415625 0.05546875 0.178125
15 0.365625 0.20546875 0.07421875 0.2203125
15 0.9359375 0.29609375 0.090625 0.2921875