0 0.61875 0.62109375 0.184375 0.3828125
0 0.83125 0.68359375 0.11796875 0.2328125
0 0.22109375 0.23359375 0.14140625 0.3296875
0 0.47265625 0.56015625 0.14453125 0.30546875
0 0.50859375 0.30390625 0.0859375 0.16875
0 0.8875 0.68984375 0.096875 0.26953125
0 0.709375 0.47734375 0.146875 0.1703125
0 0.77421875 0.903125 0.13125 0.18515625
0 0.61640625 0.8171875 0.20625 0.33125
0 0.39140625 0.83671875 0.31953125 0.31640625
0 0.65078125 0.36015625 0.078125 0.11875
0 0.25078125 0.590625 0.11328125 0.153125
0 0.45234375 0.18828125 0.075 0.0890625
0 0.0890625 0.71953125 0.178125 0.3703125
0 0.1203125 0.3375 0.1109375 0.096875
0 0.14296875 0.57734375 0.10859375 0.3765625
0 0.359375 0.359375 0.08828125 0.140625