10 0.79140625 0.88359375 0.03125 0.03203125
10 0.71640625 0.98671875 0.05390625 0.02265625
10 0.61953125 0.75859375 0.0234375 0.0265625
10 0.25859375 0.6265625 0.02890625 0.0265625
10 0.6109375 0.48046875 0.04609375 0.065625
10 0.80703125 0.546875 0.05859375 0.06015625
3 0.42890625 0.26953125 0.1046875 0.1546875
3 0.4890625 0.41875 0.0828125 0.1125
3 0.89296875 0.32421875 0.06171875 0.07890625
3 0.71796875 0.365625 0.05859375 0.10078125
3 0.56875 0.51328125 0.05234375 0.115625
3 0.0609375 0.8 0.10859375 0.10625
3 0.146875 0.79765625 0.09609375 0.1140625