10 0.20859375 0.88359375 0.03125 0.03203125
10 0.28359375 0.98671875 0.05390625 0.02265625
10 0.38046875 0.75859375 0.0234375 0.0265625
10 0.74140625 0.6265625 0.02890625 0.0265625
10 0.3890625 0.48046875 0.04609375 0.065625
10 0.19296875 0.546875 0.05859375 0.06015625
3 0.57109375 0.26953125 0.1046875 0.1546875
3 0.5109375 0.41875 0.0828125 0.1125
3 0.10703125 0.32421875 0.06171875 0.07890625
3 0.28203125 0.365625 0.05859375 0.10078125
3 0.43125 0.51328125 0.05234375 0.115625
3 0.9390625 0.8 0.10859375 0.10625
3 0.853125 0.79765625 0.09609375 0.1140625