10 0.3296875 0.5265625 0.2578125 0.4171875
10 0.6375 0.67890625 0.28359375 0.49609375
10 0.57109375 0.38125 0.23046875 0.38203125
10 0.1296875 0.27109375 0.23046875 0.3703125
10 0.07890625 0.55 0.15 0.20078125
10 0.1921875 0.55390625 0.0703125 0.25859375
10 0.1625 0.06484375 0.1734375 0.1234375
10 0.86484375 0.8109375 0.16875 0.15234375
10 0.834375 0.48046875 0.2453125 0.32890625
10 0.7890625 0.23671875 0.21796875 0.3796875
10 0.01640625 0.79140625 0.03046875 0.4
10 0.35546875 0.3703125 0.1578125 0.1046875