0 0.2078125 0.3921875 0.159375 0.17578125
0 0.9265625 0.5890625 0.06953125 0.0875
0 0.88125 0.67265625 0.06484375 0.08125
0 0.9625 0.4 0.0609375 0.07734375
0 0.17421875 0.79765625 0.07109375 0.0890625
0 0.62421875 0.69453125 0.06328125 0.08203125
0 0.60859375 0.925 0.0671875 0.0875
0 0.33984375 0.85078125 0.0765625 0.10390625
0 0.88984375 0.7875 0.0625 0.07890625
0 0.6953125 0.9046875 0.0609375 0.084375
0 0.3 0.5859375 0.06171875 0.078125
0 0.1359375 0.575 0.06640625 0.0828125
0 0.534375 0.8609375 0.06953125 0.09140625
0 0.61328125 0.41171875 0.05703125 0.071875
0 0.21640625 0.5921875 0.059375 0.07265625
0 0.40546875 0.5453125 0.06328125 0.07734375
0 0.56640625 0.52421875 0.06328125 0.078125
0 0.9265625 0.49765625 0.053125 0.06640625
0 0.47265625 0.6171875 0.0515625 0.06640625
0 0.7546875 0.49453125 0.053125 0.0671875
0 0.33984375 0.4984375 0.0703125 0.0890625
0 0.52890625 0.25859375 0.05390625 0.06953125
0 0.53828125 0.42890625 0.04765625 0.06328125
0 0.17734375 0.6859375 0.05546875 0.0734375
0 0.74375 0.6015625 0.0578125 0.07421875
0 0.69609375 0.41015625 0.06796875 0.08515625
0 0.67265625 0.7921875 0.05390625 0.0734375
0 0.78125 0.94921875 0.0578125 0.07890625
0 0.3625 0.24609375 0.05 0.06171875
0 0.825 0.59296875 0.05390625 0.06796875
0 0.7078125 0.68984375 0.05234375 0.06875
0 0.5796875 0.1875 0.04765625 0.0625
0 0.4859375 0.5265625 0.0421875 0.05546875
0 0.72578125 0.18359375 0.05703125 0.06796875
0 0.178125 0.91796875 0.05703125 0.07578125
0 0.26875 0.6765625 0.05 0.06796875
0 0.77265625 0.25625 0.053125 0.0640625
0 0.83515625 0.48046875 0.046875 0.06015625
0 0.3125 0.3234375 0.04375 0.05859375
0 0.6515625 0.1609375 0.04140625 0.0515625
0 0.91015625 0.33046875 0.05 0.05859375
0 0.26015625 0.78671875 0.04921875 0.071875
0 0.6484375 0.59765625 0.05390625 0.071875
0 0.51796875 0.971875 0.05625 0.0546875
0 0.26328125 0.896875 0.0484375 0.06875
0 0.8015625 0.39375 0.0453125 0.0625
0 0.41015625 0.34140625 0.05390625 0.07265625
0 0.8046875 0.740625 0.05234375 0.07265625
0 0.07421875 0.50703125 0.06796875 0.0828125
0 0.559375 0.62421875 0.03984375 0.05078125
0 0.44609375 0.23203125 0.03984375 0.0515625
0 0.37734375 0.64921875 0.05078125 0.0671875
0 0.4796875 0.36796875 0.04140625 0.06171875
0 0.45390625 0.96640625 0.0453125 0.06015625
0 0.83515625 0.31328125 0.04296875 0.0640625
0 0.39609375 0.9421875 0.0390625 0.053125
0 0.0875 0.67734375 0.0546875 0.06953125
0 0.77421875 0.83984375 0.04765625 0.07421875
0 0.440625 0.84375 0.04609375 0.075
0 0.06640625 0.78203125 0.046875 0.07421875
0 0.4640625 0.73828125 0.0546875 0.07265625
0 0.66484375 0.5125 0.04375 0.06328125
0 0.35546875 0.75 0.04765625 0.07109375