0 0.29453125 0.3890625 0.2 0.1390625
0 0.3 0.66171875 0.19609375 0.1484375
0 0.53046875 0.66328125 0.1484375 0.1125
0 0.27109375 0.478125 0.19296875 0.0859375
0 0.60390625 0.609375 0.203125 0.1765625
0 0.76484375 0.19765625 0.16015625 0.10390625
0 0.10078125 0.57109375 0.14140625 0.2046875
0 0.3703125 0.13203125 0.18828125 0.24921875
0 0.1609375 0.32734375 0.19140625 0.26953125
0 0.8015625 0.12890625 0.1921875 0.09296875
0 0.64765625 0.13671875 0.140625 0.10234375
0 0.2859375 0.5484375 0.196875 0.096875
0 0.621875 0.43671875 0.1671875 0.2375
0 0.275 0.20625 0.0984375 0.1671875
0 0.94609375 0.3484375 0.10703125 0.084375
0 0.29765625 0.7671875 0.19375 0.1875
0 0.4734375 0.8578125 0.14375 0.284375
0 0.521875 0.2484375 0.23828125 0.2859375
0 0.4265625 0.4671875 0.06953125 0.2953125
0 0.1734375 0.70546875 0.059375 0.2578125
0 0.478125 0.49609375 0.059375 0.22890625
0 0.8078125 0.61796875 0.17734375 0.3578125
0 0.73359375 0.3921875 0.1890625 0.2796875
0 0.946875 0.51484375 0.10625 0.20078125
0 0.5484375 0.0765625 0.0984375 0.14765625
0 0.2296875 0.9078125 0.0609375 0.1765625
0 0.68125 0.88125 0.06328125 0.14609375
0 0.73515625 0.28515625 0.10625 0.08203125
0 0.115625 0.79765625 0.065625 0.38125
0 0.6171875 0.85 0.096875 0.28984375