2 0.725 0.68203125 0.415625 0.3265625
0 0.9 0.603125 0.196875 0.3046875
0 0.209375 0.09453125 0.0796875 0.08984375
0 0.25390625 0.35078125 0.0796875 0.0875
0 0.65546875 0.2015625 0.071875 0.0546875
0 0.28203125 0.5453125 0.09140625 0.09375
0 0.5765625 0.31484375 0.103125 0.1453125
0 0.4828125 0.325 0.0453125 0.109375
0 0.14375 0.7140625 0.103125 0.1015625
0 0.13359375 0.05625 0.08203125 0.09609375
0 0.83046875 0.13359375 0.07421875 0.12578125
0 0.3234375 0.70234375 0.0828125 0.13515625
0 0.0875 0.65 0.10546875 0.04375
2 0.52578125 0.18203125 0.0921875 0.10546875
2 0.40546875 0.59375 0.08984375 0.09296875
0 0.20078125 0.2265625 0.125 0.09296875
0 0.17890625 0.3625 0.11328125 0.09140625
0 0.1640625 0.2953125 0.103125 0.07890625
0 0.37421875 0.0859375 0.09453125 0.0671875
0 0.79296875 0.2046875 0.0859375 0.0984375
0 0.97109375 0.18984375 0.0453125 0.14453125
0 0.9453125 0.8296875 0.10859375 0.10390625
0 0.35390625 0.27578125 0.04921875 0.0890625
0 0.04765625 0.15859375 0.09453125 0.06796875
0 0.29921875 0.2828125 0.0578125 0.13125
0 0.65078125 0.1625 0.06796875 0.05546875
0 0.721875 0.16796875 0.0765625 0.0578125
0 0.63359375 0.2515625 0.115625 0.04765625
0 0.36640625 0.3359375 0.06953125 0.10234375
0 0.459375 0.23828125 0.05859375 0.05703125
0 0.83203125 0.3125 0.146875 0.09921875
0 0.4796875 0.53203125 0.06953125 0.065625
0 0.365625 0.17734375 0.04765625 0.12734375
2 0.90546875 0.92109375 0.10234375 0.078125
0 0.16015625 0.8 0.08125 0.0890625
0 0.7109375 0.25234375 0.06328125 0.12890625
0 0.7546875 0.8734375 0.0609375 0.13671875
0 0.2625 0.6453125 0.1109375 0.04453125
0 0.39140625 0.18203125 0.05 0.12734375
0 0.7328125 0.575 0.1015625 0.05
0 0.47890625 0.4734375 0.09609375 0.03046875
0 0.8875 0.16640625 0.04609375 0.146875
0 0.46015625 0.4359375 0.0515625 0.06015625
0 0.44453125 0.12890625 0.06015625 0.08984375
0 0.634375 0.44375 0.0515625 0.11640625
0 0.14921875 0.02421875 0.071875 0.04765625
0 0.271875 0.728125 0.0625 0.11484375
2 0.9296875 0.196875 0.04921875 0.11015625
2 0.11171875 0.47421875 0.08515625 0.071875
0 0.06328125 0.2359375 0.0359375 0.10546875
0 0.28046875 0.03515625 0.0421875 0.0703125
0 0.73515625 0.0546875 0.16484375 0.109375
2 0.35625 0.9484375 0.1078125 0.09453125
0 0.7609375 0.37421875 0.0453125 0.14453125
0 0.22890625 0.8765625 0.03828125 0.078125
0 0.11015625 0.2265625 0.06953125 0.06328125
0 0.90234375 0.37734375 0.075 0.05703125
0 0.2171875 0.0421875 0.05 0.0390625
0 0.3046875 0.12265625 0.06796875 0.078125
0 0.915625 0.0875 0.053125 0.09453125
0 0.328125 0.5015625 0.0578125 0.128125
0 0.075 0.35 0.11171875 0.14921875
0 0.11328125 0.58828125 0.06484375 0.08125
0 0.0296875 0.08203125 0.05234375 0.08671875
0 0.18046875 0.5859375 0.0765625 0.11875
0 0.0265625 0.709375 0.05234375 0.08671875
0 0.81796875 0.42265625 0.08984375 0.08203125
0 0.1625 0.08046875 0.05 0.059375
0 0.23359375 0.6875 0.07890625 0.06796875
0 0.69765625 0.3734375 0.0828125 0.115625
0 0.0203125 0.6515625 0.040625 0.0734375
2 0.9421875 0.03203125 0.059375 0.0625
0 0.82265625 0.93203125 0.06484375 0.134375
0 0.25546875 0.15859375 0.07109375 0.065625
0 0.70703125 0.534375 0.07578125 0.04140625
0 0.01484375 0.9421875 0.0296875 0.08515625
0 0.55078125 0.09296875 0.05390625 0.05234375
0 0.1203125 0.1421875 0.06796875 0.0515625
0 0.53125 0.50078125 0.07421875 0.03828125
0 0.5875 0.20078125 0.03359375 0.08125
0 0.784375 0.08515625 0.07890625 0.0875
0 0.51171875 0.08984375 0.07578125 0.09140625
0 0.975 0.93515625 0.0390625 0.1203125
0 0.64765625 0.525 0.05703125 0.09375
0 0.21640625 0.97890625 0.0640625 0.0421875
0 0.04609375 0.8296875 0.059375 0.07890625
0 0.53671875 0.028125 0.06328125 0.05625
0 0.68359375 0.5109375 0.06328125 0.0375
0 0.4515625 0.6125 0.04921875 0.10390625
0 0.6140625 0.36875 0.0796875 0.0671875
2 0.28515625 0.9015625 0.05390625 0.1421875
2 0.60234375 0.053125 0.0703125 0.04609375