2 0.275 0.68203125 0.415625 0.3265625
0 0.1 0.603125 0.196875 0.3046875
0 0.790625 0.09453125 0.0796875 0.08984375
0 0.74609375 0.35078125 0.0796875 0.0875
0 0.34453125 0.2015625 0.071875 0.0546875
0 0.71796875 0.5453125 0.09140625 0.09375
0 0.4234375 0.31484375 0.103125 0.1453125
0 0.5171875 0.325 0.0453125 0.109375
0 0.85625 0.7140625 0.103125 0.1015625
0 0.86640625 0.05625 0.08203125 0.09609375
0 0.16953125 0.13359375 0.07421875 0.12578125
0 0.6765625 0.70234375 0.0828125 0.13515625
0 0.9125 0.65 0.10546875 0.04375
2 0.47421875 0.18203125 0.0921875 0.10546875
2 0.59453125 0.59375 0.08984375 0.09296875
0 0.79921875 0.2265625 0.125 0.09296875
0 0.82109375 0.3625 0.11328125 0.09140625
0 0.8359375 0.2953125 0.103125 0.07890625
0 0.62578125 0.0859375 0.09453125 0.0671875
0 0.20703125 0.2046875 0.0859375 0.0984375
0 0.02890625 0.18984375 0.0453125 0.14453125
0 0.0546875 0.8296875 0.10859375 0.10390625
0 0.64609375 0.27578125 0.04921875 0.0890625
0 0.95234375 0.15859375 0.09453125 0.06796875
0 0.70078125 0.2828125 0.0578125 0.13125
0 0.34921875 0.1625 0.06796875 0.05546875
0 0.278125 0.16796875 0.0765625 0.0578125
0 0.36640625 0.2515625 0.115625 0.04765625
0 0.63359375 0.3359375 0.06953125 0.10234375
0 0.540625 0.23828125 0.05859375 0.05703125
0 0.16796875 0.3125 0.146875 0.09921875
0 0.5203125 0.53203125 0.06953125 0.065625
0 0.634375 0.17734375 0.04765625 0.12734375
2 0.09453125 0.92109375 0.10234375 0.078125
0 0.83984375 0.8 0.08125 0.0890625
0 0.2890625 0.25234375 0.06328125 0.12890625
0 0.2453125 0.8734375 0.0609375 0.13671875
0 0.7375 0.6453125 0.1109375 0.04453125
0 0.60859375 0.18203125 0.05 0.12734375
0 0.2671875 0.575 0.1015625 0.05
0 0.52109375 0.4734375 0.09609375 0.03046875
0 0.1125 0.16640625 0.04609375 0.146875
0 0.53984375 0.4359375 0.0515625 0.06015625
0 0.55546875 0.12890625 0.06015625 0.08984375
0 0.365625 0.44375 0.0515625 0.11640625
0 0.85078125 0.02421875 0.071875 0.04765625
0 0.728125 0.728125 0.0625 0.11484375
2 0.0703125 0.196875 0.04921875 0.11015625
2 0.88828125 0.47421875 0.08515625 0.071875
0 0.93671875 0.2359375 0.0359375 0.10546875
0 0.71953125 0.03515625 0.0421875 0.0703125
0 0.26484375 0.0546875 0.16484375 0.109375
2 0.64375 0.9484375 0.1078125 0.09453125
0 0.2390625 0.37421875 0.0453125 0.14453125
0 0.77109375 0.8765625 0.03828125 0.078125
0 0.88984375 0.2265625 0.06953125 0.06328125
0 0.09765625 0.37734375 0.075 0.05703125
0 0.7828125 0.0421875 0.05 0.0390625
0 0.6953125 0.12265625 0.06796875 0.078125
0 0.084375 0.0875 0.053125 0.09453125
0 0.671875 0.5015625 0.0578125 0.128125
0 0.925 0.35 0.11171875 0.14921875
0 0.88671875 0.58828125 0.06484375 0.08125
0 0.9703125 0.08203125 0.05234375 0.08671875
0 0.81953125 0.5859375 0.0765625 0.11875
0 0.9734375 0.709375 0.05234375 0.08671875
0 0.18203125 0.42265625 0.08984375 0.08203125
0 0.8375 0.08046875 0.05 0.059375
0 0.76640625 0.6875 0.07890625 0.06796875
0 0.30234375 0.3734375 0.0828125 0.115625
0 0.9796875 0.6515625 0.040625 0.0734375
2 0.0578125 0.03203125 0.059375 0.0625
0 0.17734375 0.93203125 0.06484375 0.134375
0 0.74453125 0.15859375 0.07109375 0.065625
0 0.29296875 0.534375 0.07578125 0.04140625
0 0.98515625 0.9421875 0.0296875 0.08515625
0 0.44921875 0.09296875 0.05390625 0.05234375
0 0.8796875 0.1421875 0.06796875 0.0515625
0 0.46875 0.50078125 0.07421875 0.03828125
0 0.4125 0.20078125 0.03359375 0.08125
0 0.215625 0.08515625 0.07890625 0.0875
0 0.48828125 0.08984375 0.07578125 0.09140625
0 0.025 0.93515625 0.0390625 0.1203125
0 0.35234375 0.525 0.05703125 0.09375
0 0.78359375 0.97890625 0.0640625 0.0421875
0 0.95390625 0.8296875 0.059375 0.07890625
0 0.46328125 0.028125 0.06328125 0.05625
0 0.31640625 0.5109375 0.06328125 0.0375
0 0.5484375 0.6125 0.04921875 0.10390625
0 0.3859375 0.36875 0.0796875 0.0671875
2 0.71484375 0.9015625 0.05390625 0.1421875
2 0.39765625 0.053125 0.0703125 0.04609375