0 0.70546875 0.3890625 0.2 0.1390625
0 0.7 0.66171875 0.19609375 0.1484375
0 0.46953125 0.66328125 0.1484375 0.1125
0 0.72890625 0.478125 0.19296875 0.0859375
0 0.39609375 0.609375 0.203125 0.1765625
0 0.23515625 0.19765625 0.16015625 0.10390625
0 0.89921875 0.57109375 0.14140625 0.2046875
0 0.6296875 0.13203125 0.18828125 0.24921875
0 0.8390625 0.32734375 0.19140625 0.26953125
0 0.1984375 0.12890625 0.1921875 0.09296875
0 0.35234375 0.13671875 0.140625 0.10234375
0 0.7140625 0.5484375 0.196875 0.096875
0 0.378125 0.43671875 0.1671875 0.2375
0 0.725 0.20625 0.0984375 0.1671875
0 0.05390625 0.3484375 0.10703125 0.084375
0 0.70234375 0.7671875 0.19375 0.1875
0 0.5265625 0.8578125 0.14375 0.284375
0 0.478125 0.2484375 0.23828125 0.2859375
0 0.5734375 0.4671875 0.06953125 0.2953125
0 0.8265625 0.70546875 0.059375 0.2578125
0 0.521875 0.49609375 0.059375 0.22890625
0 0.1921875 0.61796875 0.17734375 0.3578125
0 0.26640625 0.3921875 0.1890625 0.2796875
0 0.053125 0.51484375 0.10625 0.20078125
0 0.4515625 0.0765625 0.0984375 0.14765625
0 0.7703125 0.9078125 0.0609375 0.1765625
0 0.31875 0.88125 0.06328125 0.14609375
0 0.26484375 0.28515625 0.10625 0.08203125
0 0.884375 0.79765625 0.065625 0.38125
0 0.3828125 0.85 0.096875 0.28984375