0 0.7921875 0.3921875 0.159375 0.17578125
0 0.0734375 0.5890625 0.06953125 0.0875
0 0.11875 0.67265625 0.06484375 0.08125
0 0.0375 0.4 0.0609375 0.07734375
0 0.82578125 0.79765625 0.07109375 0.0890625
0 0.37578125 0.69453125 0.06328125 0.08203125
0 0.39140625 0.925 0.0671875 0.0875
0 0.66015625 0.85078125 0.0765625 0.10390625
0 0.11015625 0.7875 0.0625 0.07890625
0 0.3046875 0.9046875 0.0609375 0.084375
0 0.7 0.5859375 0.06171875 0.078125
0 0.8640625 0.575 0.06640625 0.0828125
0 0.465625 0.8609375 0.06953125 0.09140625
0 0.38671875 0.41171875 0.05703125 0.071875
0 0.78359375 0.5921875 0.059375 0.07265625
0 0.59453125 0.5453125 0.06328125 0.07734375
0 0.43359375 0.52421875 0.06328125 0.078125
0 0.0734375 0.49765625 0.053125 0.06640625
0 0.52734375 0.6171875 0.0515625 0.06640625
0 0.2453125 0.49453125 0.053125 0.0671875
0 0.66015625 0.4984375 0.0703125 0.0890625
0 0.47109375 0.25859375 0.05390625 0.06953125
0 0.46171875 0.42890625 0.04765625 0.06328125
0 0.82265625 0.6859375 0.05546875 0.0734375
0 0.25625 0.6015625 0.0578125 0.07421875
0 0.30390625 0.41015625 0.06796875 0.08515625
0 0.32734375 0.7921875 0.05390625 0.0734375
0 0.21875 0.94921875 0.0578125 0.07890625
0 0.6375 0.24609375 0.05 0.06171875
0 0.175 0.59296875 0.05390625 0.06796875
0 0.2921875 0.68984375 0.05234375 0.06875
0 0.4203125 0.1875 0.04765625 0.0625
0 0.5140625 0.5265625 0.0421875 0.05546875
0 0.27421875 0.18359375 0.05703125 0.06796875
0 0.821875 0.91796875 0.05703125 0.07578125
0 0.73125 0.6765625 0.05 0.06796875
0 0.22734375 0.25625 0.053125 0.0640625
0 0.16484375 0.48046875 0.046875 0.06015625
0 0.6875 0.3234375 0.04375 0.05859375
0 0.3484375 0.1609375 0.04140625 0.0515625
0 0.08984375 0.33046875 0.05 0.05859375
0 0.73984375 0.78671875 0.04921875 0.071875
0 0.3515625 0.59765625 0.05390625 0.071875
0 0.48203125 0.971875 0.05625 0.0546875
0 0.73671875 0.896875 0.0484375 0.06875
0 0.1984375 0.39375 0.0453125 0.0625
0 0.58984375 0.34140625 0.05390625 0.07265625
0 0.1953125 0.740625 0.05234375 0.07265625
0 0.92578125 0.50703125 0.06796875 0.0828125
0 0.440625 0.62421875 0.03984375 0.05078125
0 0.55390625 0.23203125 0.03984375 0.0515625
0 0.62265625 0.64921875 0.05078125 0.0671875
0 0.5203125 0.36796875 0.04140625 0.06171875
0 0.54609375 0.96640625 0.0453125 0.06015625
0 0.16484375 0.31328125 0.04296875 0.0640625
0 0.60390625 0.9421875 0.0390625 0.053125
0 0.9125 0.67734375 0.0546875 0.06953125
0 0.22578125 0.83984375 0.04765625 0.07421875
0 0.559375 0.84375 0.04609375 0.075
0 0.93359375 0.78203125 0.046875 0.07421875
0 0.5359375 0.73828125 0.0546875 0.07265625
0 0.33515625 0.5125 0.04375 0.06328125
0 0.64453125 0.75 0.04765625 0.07109375