10 0.5328125 0.2671875 0.14453125 0.16171875
10 0.35703125 0.634375 0.17265625 0.19609375
10 0.2015625 0.21171875 0.1375 0.18046875
10 0.29765625 0.0953125 0.12890625 0.14921875
10 0.825 0.26796875 0.1390625 0.19375
10 0.0734375 0.3140625 0.115625 0.15234375
10 0.76484375 0.09296875 0.146875 0.1859375
10 0.59453125 0.0953125 0.14453125 0.1828125
10 0.91640625 0.6890625 0.15 0.17421875
10 0.6828125 0.2265625 0.1234375 0.16015625
10 0.07734375 0.13046875 0.1484375 0.1984375
10 0.1453125 0.50625 0.14453125 0.18515625
10 0.371875 0.25703125 0.1296875 0.16328125
10 0.7171875 0.4046875 0.17109375 0.21640625
10 0.48203125 0.8015625 0.146875 0.16484375
10 0.4375 0.10078125 0.1609375 0.2015625
10 0.896875 0.47265625 0.1671875 0.21953125
10 0.73828125 0.78828125 0.175 0.20390625
10 0.1703125 0.67578125 0.14921875 0.18203125
10 0.48203125 0.60859375 0.15859375 0.23125
10 0.7703125 0.58984375 0.178125 0.2171875
10 0.20390625 0.86015625 0.1625 0.21875
10 0.9171875 0.10390625 0.15390625 0.20390625
10 0.4046875 0.42578125 0.15 0.19296875
10 0.9515625 0.28359375 0.096875 0.19609375
10 0.55390625 0.44140625 0.14453125 0.18984375
10 0.25625 0.3921875 0.140625 0.18125
10 0.63671875 0.9265625 0.1578125 0.146875
10 0.61640625 0.6984375 0.134375 0.1671875
10 0.33515625 0.7578125 0.1546875 0.16328125
10 0.296875 0.56640625 0.14921875 0.196875
10 0.909375 0.85546875 0.1546875 0.18828125
10 0.35234375 0.91015625 0.15625 0.17578125
10 0.4890625 0.9359375 0.14296875 0.12734375
10 0.05 0.63125 0.1 0.18359375
10 0.6375 0.559375 0.1 0.1328125
10 0.79921875 0.93515625 0.14765625 0.121875
10 0.06015625 0.84375 0.11640625 0.24296875
10 0.04296875 0.44765625 0.08359375 0.18515625