10 0.7359375 0.5 0.1859375 0.32578125
10 0.36640625 0.58359375 0.134375 0.4515625
10 0.459375 0.82578125 0.14921875 0.34765625
10 0.14609375 0.19765625 0.2921875 0.26328125
10 0.5359375 0.546875 0.18359375 0.36015625
10 0.2671875 0.86484375 0.13515625 0.26640625
10 0.13671875 0.796875 0.171875 0.390625
10 0.84375 0.7890625 0.259375 0.421875
10 0.609375 0.82734375 0.20546875 0.34296875
10 0.678125 0.19609375 0.128125 0.390625
10 0.77421875 0.18828125 0.10078125 0.37265625
10 0.60078125 0.178125 0.09921875 0.34375
10 0.109375 0.475 0.2109375 0.3421875