0 0.36796875 0.56640625 0.1125 0.3078125
0 0.27890625 0.5328125 0.10234375 0.290625
0 0.21796875 0.675 0.10625 0.22421875
0 0.07578125 0.6046875 0.0953125 0.24765625
0 0.78359375 0.6546875 0.09140625 0.18984375
0 0.4859375 0.521875 0.1125 0.35703125
0 0.146875 0.59609375 0.07734375 0.29921875
0 0.6296875 0.646875 0.1234375 0.26328125
0 0.6984375 0.5578125 0.10859375 0.290625
0 0.8296875 0.55546875 0.059375 0.259375
0 0.57265625 0.5046875 0.0671875 0.29453125
0 0.371875 0.375 0.10390625 0.2515625