0 0.828125 0.3921875 0.10234375 0.2921875
0 0.88203125 0.51875 0.15234375 0.2484375
0 0.63359375 0.2890625 0.10546875 0.22421875
0 0.69765625 0.41640625 0.10234375 0.16875
0 0.709375 0.54765625 0.109375 0.1734375
0 0.51015625 0.52890625 0.11171875 0.215625
0 0.6046875 0.48046875 0.1015625 0.16640625
0 0.74453125 0.234375 0.128125 0.24921875
0 0.31640625 0.5296875 0.0875 0.20390625
0 0.57109375 0.22890625 0.10234375 0.24453125
0 0.4890625 0.275 0.0921875 0.2296875
0 0.39140625 0.465625 0.07890625 0.16640625
0 0.41328125 0.22578125 0.0734375 0.22265625
0 0.1859375 0.48515625 0.07421875 0.16640625
0 0.0734375 0.275 0.084375 0.19453125
0 0.2515625 0.2359375 0.08125 0.23828125
0 0.2875 0.3953125 0.09296875 0.2
0 0.375 0.30625 0.0796875 0.18828125
0 0.175 0.32265625 0.084375 0.190625
0 0.0546875 0.5015625 0.0671875 0.1296875
0 0.17265625 0.5796875 0.071875 0.13671875
0 0.11875 0.4359375 0.06171875 0.13125