0 0.08515625 0.6109375 0.07734375 0.23984375
0 0.36796875 0.56640625 0.10859375 0.3046875
0 0.27890625 0.5328125 0.10234375 0.2921875
0 0.21796875 0.675 0.10625 0.23046875
0 0.62734375 0.6453125 0.12421875 0.2671875
0 0.57421875 0.5046875 0.065625 0.3015625
0 0.1765625 0.4359375 0.08828125 0.2765625
0 0.1484375 0.5953125 0.078125 0.29765625
0 0.4859375 0.51953125 0.11015625 0.35625
0 0.7921875 0.44765625 0.10546875 0.38359375
0 0.3703125 0.35859375 0.103125 0.2234375
0 0.69765625 0.55703125 0.10859375 0.29296875
0 0.64765625 0.38984375 0.07734375 0.27578125