0 0.171875 0.3921875 0.10234375 0.2921875
0 0.11796875 0.51875 0.15234375 0.2484375
0 0.36640625 0.2890625 0.10546875 0.22421875
0 0.30234375 0.41640625 0.10234375 0.16875
0 0.290625 0.54765625 0.109375 0.1734375
0 0.48984375 0.52890625 0.11171875 0.215625
0 0.3953125 0.48046875 0.1015625 0.16640625
0 0.25546875 0.234375 0.128125 0.24921875
0 0.68359375 0.5296875 0.0875 0.20390625
0 0.42890625 0.22890625 0.10234375 0.24453125
0 0.5109375 0.275 0.0921875 0.2296875
0 0.60859375 0.465625 0.07890625 0.16640625
0 0.58671875 0.22578125 0.0734375 0.22265625
0 0.8140625 0.48515625 0.07421875 0.16640625
0 0.9265625 0.275 0.084375 0.19453125
0 0.7484375 0.2359375 0.08125 0.23828125
0 0.7125 0.3953125 0.09296875 0.2
0 0.625 0.30625 0.0796875 0.18828125
0 0.825 0.32265625 0.084375 0.190625
0 0.9453125 0.5015625 0.0671875 0.1296875
0 0.82734375 0.5796875 0.071875 0.13671875
0 0.88125 0.4359375 0.06171875 0.13125