0 0.8375 0.66328125 0.121875 0.21328125
0 0.7171875 0.4125 0.1109375 0.16484375
0 0.3875 0.39140625 0.10859375 0.19140625
0 0.09296875 0.4125 0.10703125 0.21640625
0 0.2109375 0.4125 0.11796875 0.2203125
0 0.47421875 0.36796875 0.10234375 0.2375
0 0.603125 0.37109375 0.12578125 0.23515625
0 0.2484375 0.6515625 0.103125 0.22578125
0 0.3328125 0.6078125 0.134375 0.309375
0 0.478125 0.62734375 0.1015625 0.25
0 0.16875 0.615625 0.10625 0.29140625
0 0.2703125 0.3578125 0.09921875 0.2328125
0 0.83125 0.484375 0.10546875 0.16953125
0 0.68203125 0.7234375 0.0859375 0.08828125
0 0.57734375 0.66171875 0.084375 0.21640625
0 0.0546875 0.52421875 0.10390625 0.17890625
0 0.3765625 0.690625 0.090625 0.15546875