0 0.63203125 0.56640625 0.1125 0.3078125
0 0.72109375 0.5328125 0.10234375 0.290625
0 0.78203125 0.675 0.10625 0.22421875
0 0.92421875 0.6046875 0.0953125 0.24765625
0 0.21640625 0.6546875 0.09140625 0.18984375
0 0.5140625 0.521875 0.1125 0.35703125
0 0.853125 0.59609375 0.07734375 0.29921875
0 0.3703125 0.646875 0.1234375 0.26328125
0 0.3015625 0.5578125 0.10859375 0.290625
0 0.1703125 0.55546875 0.059375 0.259375
0 0.42734375 0.5046875 0.0671875 0.29453125
0 0.628125 0.375 0.10390625 0.2515625