0 0.796875 0.30078125 0.10390625 0.15
0 0.39375 0.4671875 0.08359375 0.18671875
0 0.29609375 0.1953125 0.0875 0.134375
0 0.56796875 0.19453125 0.090625 0.1296875
0 0.0359375 0.18671875 0.06875 0.1171875
0 0.48046875 0.46796875 0.0828125 0.2171875
0 0.41484375 0.65703125 0.09921875 0.234375
0 0.69609375 0.49296875 0.11015625 0.20390625
0 0.20390625 0.18984375 0.084375 0.1203125
0 0.38515625 0.196875 0.08515625 0.13515625
0 0.87578125 0.4546875 0.08984375 0.20390625
0 0.79296875 0.4828125 0.07890625 0.215625
0 0.5796875 0.4609375 0.11640625 0.20703125
0 0.7734375 0.665625 0.1140625 0.22421875
0 0.5984375 0.3140625 0.08828125 0.1578125
0 0.5265625 0.68359375 0.115625 0.2515625
0 0.06328125 0.6671875 0.1125 0.225
0 0.8421875 0.18984375 0.0859375 0.1234375
0 0.4125 0.31328125 0.08828125 0.14453125
0 0.3171875 0.3140625 0.0875 0.14921875
0 0.1828125 0.66953125 0.11328125 0.21015625
0 0.59453125 0.8015625 0.0828125 0.1296875
0 0.2359375 0.478125 0.07421875 0.1875
0 0.65 0.6671875 0.11796875 0.2140625
0 0.47890625 0.196875 0.0859375 0.13046875
0 0.91015625 0.2890625 0.11328125 0.19765625
0 0.85859375 0.78828125 0.07890625 0.1546875
0 0.934375 0.1921875 0.0828125 0.12578125
0 0.040625 0.2984375 0.08046875 0.10546875
0 0.79296875 0.82109375 0.05 0.08984375
0 0.3265625 0.8015625 0.075 0.13359375
0 0.728125 0.790625 0.0828125 0.15078125
0 0.6625 0.82109375 0.05078125 0.0921875
0 0.25625 0.81484375 0.04921875 0.1015625
0 0.3140625 0.46171875 0.07421875 0.16328125
0 0.65703125 0.18671875 0.0875 0.11640625
0 0.75078125 0.1828125 0.0859375 0.10234375
0 0.12109375 0.82265625 0.053125 0.09453125
0 0.92890625 0.821875 0.053125 0.090625
0 0.4625 0.821875 0.07734375 0.09453125
0 0.05625 0.79140625 0.0875 0.153125
0 0.3046875 0.64765625 0.1140625 0.23671875
0 0.3921875 0.8171875 0.05 0.1015625
0 0.79765625 0.31328125 0.10078125 0.16640625
0 0.79765625 0.31328125 0.10078125 0.16640625
0 0.39375 0.4671875 0.08359375 0.18671875
0 0.29609375 0.1953125 0.0875 0.134375
0 0.56796875 0.19453125 0.090625 0.1296875
0 0.0359375 0.18671875 0.06875 0.1171875
0 0.48046875 0.46796875 0.0828125 0.2171875
0 0.41484375 0.65703125 0.09921875 0.234375
0 0.69609375 0.49296875 0.11015625 0.20390625
0 0.20390625 0.18984375 0.084375 0.1203125
0 0.38515625 0.196875 0.08515625 0.13515625
0 0.87578125 0.4546875 0.08984375 0.20390625
0 0.79296875 0.4828125 0.07890625 0.215625
0 0.5796875 0.4609375 0.11640625 0.20703125
0 0.7734375 0.665625 0.1140625 0.22421875
0 0.5984375 0.3140625 0.08828125 0.1578125
0 0.5265625 0.68359375 0.115625 0.2515625
0 0.06328125 0.6671875 0.1125 0.225
0 0.8421875 0.18984375 0.0859375 0.1234375
0 0.4125 0.31328125 0.08828125 0.14453125
0 0.3171875 0.3140625 0.0875 0.14921875
0 0.1828125 0.66953125 0.11328125 0.21015625
0 0.59453125 0.8015625 0.0828125 0.1296875
0 0.2359375 0.478125 0.07421875 0.1875
0 0.65 0.6671875 0.11796875 0.2140625
0 0.4625 0.821875 0.07734375 0.09453125
0 0.47890625 0.196875 0.0859375 0.13046875
0 0.3921875 0.8171875 0.05 0.1015625
0 0.91015625 0.2890625 0.11328125 0.19765625
0 0.85859375 0.78828125 0.07890625 0.1546875
0 0.934375 0.1921875 0.0828125 0.12578125
0 0.05625 0.79140625 0.0875 0.153125
0 0.040625 0.2984375 0.08046875 0.10546875
0 0.79296875 0.82109375 0.05 0.08984375
0 0.52890625 0.81875 0.05546875 0.0984375
0 0.3265625 0.8015625 0.075 0.13359375
0 0.728125 0.790625 0.0828125 0.15078125
0 0.6625 0.82109375 0.05078125 0.0921875
0 0.25625 0.81484375 0.04921875 0.1015625
0 0.3140625 0.46171875 0.07421875 0.16328125
0 0.65703125 0.18671875 0.0875 0.11640625
0 0.75078125 0.1828125 0.0859375 0.10234375
0 0.12109375 0.82265625 0.053125 0.09453125
0 0.92890625 0.821875 0.053125 0.090625
0 0.3046875 0.64765625 0.1140625 0.23671875
0 0.79765625 0.31328125 0.10078125 0.16640625
0 0.39375 0.4671875 0.08359375 0.18671875
0 0.29609375 0.1953125 0.0875 0.134375
0 0.56796875 0.19453125 0.090625 0.1296875
0 0.0359375 0.18671875 0.06875 0.1171875
0 0.48046875 0.46796875 0.0828125 0.2171875
0 0.41484375 0.65703125 0.09921875 0.234375
0 0.69609375 0.49296875 0.11015625 0.20390625
0 0.20390625 0.18984375 0.084375 0.1203125
0 0.38515625 0.196875 0.08515625 0.13515625
0 0.87578125 0.4546875 0.08984375 0.20390625
0 0.79296875 0.4828125 0.07890625 0.215625
0 0.5796875 0.4609375 0.11640625 0.20703125
0 0.7734375 0.665625 0.1140625 0.22421875
0 0.5984375 0.3140625 0.08828125 0.1578125
0 0.5265625 0.68359375 0.115625 0.2515625
0 0.06328125 0.6671875 0.1125 0.225
0 0.8421875 0.18984375 0.0859375 0.1234375
0 0.4125 0.31328125 0.08828125 0.14453125
0 0.3171875 0.3140625 0.0875 0.14921875
0 0.1828125 0.66953125 0.11328125 0.21015625
0 0.59453125 0.8015625 0.0828125 0.1296875
0 0.2359375 0.478125 0.07421875 0.1875
0 0.65 0.6671875 0.11796875 0.2140625
0 0.4625 0.821875 0.07734375 0.09453125
0 0.47890625 0.196875 0.0859375 0.13046875
0 0.3921875 0.8171875 0.05 0.1015625
0 0.91015625 0.2890625 0.11328125 0.19765625
0 0.85859375 0.78828125 0.07890625 0.1546875
0 0.934375 0.1921875 0.0828125 0.12578125
0 0.05625 0.79140625 0.0875 0.153125
0 0.040625 0.2984375 0.08046875 0.10546875
0 0.79296875 0.82109375 0.05 0.08984375
0 0.52890625 0.81875 0.05546875 0.0984375
0 0.3265625 0.8015625 0.075 0.13359375
0 0.728125 0.790625 0.0828125 0.15078125
0 0.6625 0.82109375 0.05078125 0.0921875
0 0.25625 0.81484375 0.04921875 0.1015625
0 0.3140625 0.46171875 0.07421875 0.16328125
0 0.65703125 0.18671875 0.0875 0.11640625
15 0.75078125 0.1828125 0.0859375 0.10234375
0 0.12109375 0.82265625 0.053125 0.09453125
0 0.92890625 0.821875 0.053125 0.090625
0 0.79765625 0.31328125 0.10078125 0.16640625
0 0.39375 0.4671875 0.08359375 0.18671875
0 0.29609375 0.1953125 0.0875 0.134375
0 0.56796875 0.19453125 0.090625 0.1296875
0 0.0359375 0.18671875 0.06875 0.1171875
0 0.48046875 0.46796875 0.0828125 0.2171875
0 0.41484375 0.65703125 0.09921875 0.234375
0 0.69609375 0.49296875 0.11015625 0.20390625
0 0.20390625 0.18984375 0.084375 0.1203125
0 0.38515625 0.196875 0.08515625 0.13515625
0 0.87578125 0.4546875 0.08984375 0.20390625
0 0.79296875 0.4828125 0.07890625 0.215625
0 0.5796875 0.4609375 0.11640625 0.20703125
0 0.7734375 0.665625 0.1140625 0.22421875
0 0.5984375 0.3140625 0.08828125 0.1578125
0 0.5265625 0.68359375 0.115625 0.2515625
0 0.06328125 0.6671875 0.1125 0.225
0 0.8421875 0.18984375 0.0859375 0.1234375
0 0.4125 0.31328125 0.08828125 0.14453125
0 0.3171875 0.3140625 0.0875 0.14921875
0 0.1828125 0.66953125 0.11328125 0.21015625
0 0.59453125 0.8015625 0.0828125 0.1296875
0 0.2359375 0.478125 0.07421875 0.1875
0 0.65 0.6671875 0.11796875 0.2140625
0 0.4625 0.821875 0.07734375 0.09453125
0 0.47890625 0.196875 0.0859375 0.13046875
0 0.3921875 0.8171875 0.05 0.1015625
0 0.91015625 0.2890625 0.11328125 0.19765625
0 0.85859375 0.78828125 0.07890625 0.1546875
0 0.934375 0.1921875 0.0828125 0.12578125
0 0.05625 0.79140625 0.0875 0.153125
0 0.040625 0.2984375 0.08046875 0.10546875
0 0.79296875 0.82109375 0.05 0.08984375
0 0.52890625 0.81875 0.05546875 0.0984375
0 0.3265625 0.8015625 0.075 0.13359375
0 0.728125 0.790625 0.0828125 0.15078125
0 0.6625 0.82109375 0.05078125 0.0921875
0 0.25625 0.81484375 0.04921875 0.1015625
0 0.3140625 0.46171875 0.07421875 0.16328125
0 0.65703125 0.18671875 0.0875 0.11640625
0 0.79765625 0.31328125 0.10078125 0.16640625
0 0.39375 0.4671875 0.08359375 0.18671875
0 0.29609375 0.1953125 0.0875 0.134375
0 0.56796875 0.19453125 0.090625 0.1296875
0 0.0359375 0.18671875 0.06875 0.1171875
0 0.48046875 0.46796875 0.0828125 0.2171875
0 0.41484375 0.65703125 0.09921875 0.234375
0 0.69609375 0.49296875 0.11015625 0.20390625
0 0.20390625 0.18984375 0.084375 0.1203125
0 0.38515625 0.196875 0.08515625 0.13515625
0 0.87578125 0.4546875 0.08984375 0.20390625
0 0.79296875 0.4828125 0.07890625 0.215625
0 0.5796875 0.4609375 0.11640625 0.20703125
0 0.7734375 0.665625 0.1140625 0.22421875
0 0.5984375 0.3140625 0.08828125 0.1578125
0 0.5265625 0.68359375 0.115625 0.2515625
0 0.06328125 0.6671875 0.1125 0.225
0 0.8421875 0.18984375 0.0859375 0.1234375
0 0.4125 0.31328125 0.08828125 0.14453125
0 0.3171875 0.3140625 0.0875 0.14921875
0 0.1828125 0.66953125 0.11328125 0.21015625
0 0.59453125 0.8015625 0.0828125 0.1296875
0 0.2359375 0.478125 0.07421875 0.1875
0 0.65 0.6671875 0.11796875 0.2140625
0 0.4625 0.821875 0.07734375 0.09453125
0 0.47890625 0.196875 0.0859375 0.13046875
0 0.3921875 0.8171875 0.05 0.1015625
0 0.91015625 0.2890625 0.11328125 0.19765625
0 0.85859375 0.78828125 0.07890625 0.1546875
0 0.934375 0.1921875 0.0828125 0.12578125
0 0.05625 0.79140625 0.0875 0.153125
0 0.040625 0.2984375 0.08046875 0.10546875
0 0.79296875 0.82109375 0.05 0.08984375
0 0.52890625 0.81875 0.05546875 0.0984375
0 0.3265625 0.8015625 0.075 0.13359375
0 0.79765625 0.31328125 0.10078125 0.16640625
0 0.39375 0.4671875 0.08359375 0.18671875
0 0.29609375 0.1953125 0.0875 0.134375
0 0.56796875 0.19453125 0.090625 0.1296875
0 0.0359375 0.18671875 0.06875 0.1171875
0 0.48046875 0.46796875 0.0828125 0.2171875
0 0.41484375 0.65703125 0.09921875 0.234375
0 0.69609375 0.49296875 0.11015625 0.20390625
0 0.20390625 0.18984375 0.084375 0.1203125
0 0.38515625 0.196875 0.08515625 0.13515625
0 0.87578125 0.4546875 0.08984375 0.20390625
0 0.79296875 0.4828125 0.07890625 0.215625
0 0.5796875 0.4609375 0.11640625 0.20703125
0 0.7734375 0.665625 0.1140625 0.22421875
0 0.5984375 0.3140625 0.08828125 0.1578125
0 0.5265625 0.68359375 0.115625 0.2515625
0 0.06328125 0.6671875 0.1125 0.225
0 0.8421875 0.18984375 0.0859375 0.1234375
0 0.4125 0.31328125 0.08828125 0.14453125
0 0.3171875 0.3140625 0.0875 0.14921875
0 0.1828125 0.66953125 0.11328125 0.21015625
0 0.59453125 0.8015625 0.0828125 0.1296875
0 0.2359375 0.478125 0.07421875 0.1875
0 0.65 0.6671875 0.11796875 0.2140625
0 0.4625 0.821875 0.07734375 0.09453125
0 0.47890625 0.196875 0.0859375 0.13046875
0 0.3921875 0.8171875 0.05 0.1015625
0 0.91015625 0.2890625 0.11328125 0.19765625
0 0.85859375 0.78828125 0.07890625 0.1546875
15 0.934375 0.1921875 0.0828125 0.12578125
0 0.79765625 0.31328125 0.10078125 0.16640625
0 0.39375 0.4671875 0.08359375 0.18671875
0 0.29609375 0.1953125 0.0875 0.134375
0 0.56796875 0.19453125 0.090625 0.1296875
0 0.0359375 0.18671875 0.06875 0.1171875
0 0.48046875 0.46796875 0.0828125 0.2171875
0 0.41484375 0.65703125 0.09921875 0.234375
0 0.69609375 0.49296875 0.11015625 0.20390625
0 0.20390625 0.18984375 0.084375 0.1203125
0 0.38515625 0.196875 0.08515625 0.13515625
0 0.87578125 0.4546875 0.08984375 0.20390625
0 0.79296875 0.4828125 0.07890625 0.215625
0 0.5796875 0.4609375 0.11640625 0.20703125
0 0.7734375 0.665625 0.1140625 0.22421875
0 0.5984375 0.3140625 0.08828125 0.1578125
0 0.5265625 0.68359375 0.115625 0.2515625
0 0.06328125 0.6671875 0.1125 0.225
0 0.8421875 0.18984375 0.0859375 0.1234375
0 0.4125 0.31328125 0.08828125 0.14453125
0 0.3171875 0.3140625 0.0875 0.14921875
0 0.1828125 0.66953125 0.11328125 0.21015625
0 0.59453125 0.8015625 0.0828125 0.1296875
0 0.2359375 0.478125 0.07421875 0.1875
0 0.65 0.6671875 0.11796875 0.2140625
0 0.4625 0.821875 0.07734375 0.09453125
0 0.47890625 0.196875 0.0859375 0.13046875
0 0.79765625 0.31328125 0.10078125 0.16640625
0 0.39375 0.4671875 0.08359375 0.18671875
0 0.29609375 0.1953125 0.0875 0.134375
0 0.56796875 0.19453125 0.090625 0.1296875
0 0.0359375 0.18671875 0.06875 0.1171875
0 0.48046875 0.46796875 0.0828125 0.2171875
0 0.41484375 0.65703125 0.09921875 0.234375
0 0.69609375 0.49296875 0.11015625 0.20390625
0 0.20390625 0.18984375 0.084375 0.1203125
0 0.38515625 0.196875 0.08515625 0.13515625
0 0.87578125 0.4546875 0.08984375 0.20390625
0 0.79296875 0.4828125 0.07890625 0.215625
0 0.5796875 0.4609375 0.11640625 0.20703125
0 0.7734375 0.665625 0.1140625 0.22421875
0 0.5984375 0.3140625 0.08828125 0.1578125
0 0.5265625 0.68359375 0.115625 0.2515625
0 0.06328125 0.6671875 0.1125 0.225
0 0.79765625 0.31328125 0.10078125 0.16640625
0 0.39375 0.4671875 0.08359375 0.18671875
0 0.29609375 0.1953125 0.0875 0.134375
0 0.56796875 0.19453125 0.090625 0.1296875
0 0.0359375 0.18671875 0.06875 0.1171875
0 0.48046875 0.46796875 0.0828125 0.2171875
0 0.41484375 0.65703125 0.09921875 0.234375
0 0.69609375 0.49296875 0.11015625 0.20390625
0 0.79765625 0.31328125 0.10078125 0.16640625
0 0.79765625 0.31328125 0.10078125 0.16640625
0 0.79765625 0.31328125 0.10078125 0.16640625
0 0.79765625 0.31328125 0.10078125 0.16640625
0 0.39375 0.4671875 0.08359375 0.18671875
0 0.29609375 0.1953125 0.0875 0.134375
0 0.79765625 0.31328125 0.10078125 0.16640625
0 0.39375 0.4671875 0.08359375 0.18671875
0 0.29609375 0.1953125 0.0875 0.134375
0 0.56796875 0.19453125 0.090625 0.1296875
0 0.0359375 0.18671875 0.06875 0.1171875
0 0.48046875 0.46796875 0.0828125 0.2171875
0 0.41484375 0.65703125 0.09921875 0.234375
0 0.69609375 0.49296875 0.11015625 0.20390625
0 0.20390625 0.18984375 0.084375 0.1203125
0 0.38515625 0.196875 0.08515625 0.13515625
0 0.87578125 0.4546875 0.08984375 0.20390625
0 0.79296875 0.4828125 0.07890625 0.215625
0 0.5796875 0.4609375 0.11640625 0.20703125
0 0.7734375 0.665625 0.1140625 0.22421875
0 0.5984375 0.3140625 0.08828125 0.1578125
0 0.5265625 0.68359375 0.115625 0.2515625
0 0.06328125 0.6671875 0.1125 0.225
0 0.79765625 0.31328125 0.10078125 0.16640625
0 0.39375 0.4671875 0.08359375 0.18671875
0 0.29609375 0.1953125 0.0875 0.134375
0 0.56796875 0.19453125 0.090625 0.1296875
0 0.0359375 0.18671875 0.06875 0.1171875
0 0.48046875 0.46796875 0.0828125 0.2171875
0 0.41484375 0.65703125 0.09921875 0.234375
0 0.69609375 0.49296875 0.11015625 0.20390625
0 0.20390625 0.18984375 0.084375 0.1203125
0 0.38515625 0.196875 0.08515625 0.13515625
0 0.87578125 0.4546875 0.08984375 0.20390625
0 0.79296875 0.4828125 0.07890625 0.215625
0 0.5796875 0.4609375 0.11640625 0.20703125
0 0.7734375 0.665625 0.1140625 0.22421875
0 0.5984375 0.3140625 0.08828125 0.1578125
0 0.5265625 0.68359375 0.115625 0.2515625
0 0.06328125 0.6671875 0.1125 0.225
0 0.8421875 0.18984375 0.0859375 0.1234375
0 0.4125 0.31328125 0.08828125 0.14453125
0 0.3171875 0.3140625 0.0875 0.14921875
0 0.1828125 0.66953125 0.11328125 0.21015625
0 0.59453125 0.8015625 0.0828125 0.1296875
15 0.79765625 0.31328125 0.10078125 0.16640625
0 0.39375 0.4671875 0.08359375 0.18671875
0 0.29609375 0.1953125 0.0875 0.134375
0 0.56796875 0.19453125 0.090625 0.1296875
0 0.0359375 0.18671875 0.06875 0.1171875
0 0.48046875 0.46796875 0.0828125 0.2171875
0 0.41484375 0.65703125 0.09921875 0.234375
0 0.69609375 0.49296875 0.11015625 0.20390625
0 0.20390625 0.18984375 0.084375 0.1203125
0 0.38515625 0.196875 0.08515625 0.13515625
0 0.87578125 0.4546875 0.08984375 0.20390625
15 0.79296875 0.4828125 0.07890625 0.215625
15 0.5796875 0.4609375 0.11640625 0.20703125
0 0.7734375 0.665625 0.1140625 0.22421875
0 0.5984375 0.3140625 0.08828125 0.1578125
15 0.5265625 0.68359375 0.115625 0.2515625
0 0.06328125 0.6671875 0.1125 0.225
15 0.8421875 0.18984375 0.0859375 0.1234375
0 0.4125 0.31328125 0.08828125 0.14453125
0 0.3171875 0.3140625 0.0875 0.14921875
0 0.1828125 0.66953125 0.11328125 0.21015625
0 0.59453125 0.8015625 0.0828125 0.1296875
0 0.2359375 0.478125 0.07421875 0.1875
0 0.65 0.6671875 0.11796875 0.2140625
0 0.4625 0.821875 0.07734375 0.09453125
0 0.47890625 0.196875 0.0859375 0.13046875
0 0.3921875 0.8171875 0.05 0.1015625