0 0.203125 0.30078125 0.10390625 0.15
0 0.60625 0.4671875 0.08359375 0.18671875
0 0.70390625 0.1953125 0.0875 0.134375
0 0.43203125 0.19453125 0.090625 0.1296875
0 0.9640625 0.18671875 0.06875 0.1171875
0 0.51953125 0.46796875 0.0828125 0.2171875
0 0.58515625 0.65703125 0.09921875 0.234375
0 0.30390625 0.49296875 0.11015625 0.20390625
0 0.79609375 0.18984375 0.084375 0.1203125
0 0.61484375 0.196875 0.08515625 0.13515625
0 0.12421875 0.4546875 0.08984375 0.20390625
0 0.20703125 0.4828125 0.07890625 0.215625
0 0.4203125 0.4609375 0.11640625 0.20703125
0 0.2265625 0.665625 0.1140625 0.22421875
0 0.4015625 0.3140625 0.08828125 0.1578125
0 0.4734375 0.68359375 0.115625 0.2515625
0 0.93671875 0.6671875 0.1125 0.225
0 0.1578125 0.18984375 0.0859375 0.1234375
0 0.5875 0.31328125 0.08828125 0.14453125
0 0.6828125 0.3140625 0.0875 0.14921875
0 0.8171875 0.66953125 0.11328125 0.21015625
0 0.40546875 0.8015625 0.0828125 0.1296875
0 0.7640625 0.478125 0.07421875 0.1875
0 0.35 0.6671875 0.11796875 0.2140625
0 0.52109375 0.196875 0.0859375 0.13046875
0 0.08984375 0.2890625 0.11328125 0.19765625
0 0.14140625 0.78828125 0.07890625 0.1546875
0 0.065625 0.1921875 0.0828125 0.12578125
0 0.959375 0.2984375 0.08046875 0.10546875
0 0.20703125 0.82109375 0.05 0.08984375
0 0.6734375 0.8015625 0.075 0.13359375
0 0.271875 0.790625 0.0828125 0.15078125
0 0.3375 0.82109375 0.05078125 0.0921875
0 0.74375 0.81484375 0.04921875 0.1015625
0 0.6859375 0.46171875 0.07421875 0.16328125
0 0.34296875 0.18671875 0.0875 0.11640625
0 0.24921875 0.1828125 0.0859375 0.10234375
0 0.87890625 0.82265625 0.053125 0.09453125
0 0.07109375 0.821875 0.053125 0.090625
0 0.5375 0.821875 0.07734375 0.09453125
0 0.94375 0.79140625 0.0875 0.153125
0 0.6953125 0.64765625 0.1140625 0.23671875
0 0.6078125 0.8171875 0.05 0.1015625
0 0.20234375 0.31328125 0.10078125 0.16640625
0 0.20234375 0.31328125 0.10078125 0.16640625
0 0.60625 0.4671875 0.08359375 0.18671875
0 0.70390625 0.1953125 0.0875 0.134375
0 0.43203125 0.19453125 0.090625 0.1296875
0 0.9640625 0.18671875 0.06875 0.1171875
0 0.51953125 0.46796875 0.0828125 0.2171875
0 0.58515625 0.65703125 0.09921875 0.234375
0 0.30390625 0.49296875 0.11015625 0.20390625
0 0.79609375 0.18984375 0.084375 0.1203125
0 0.61484375 0.196875 0.08515625 0.13515625
0 0.12421875 0.4546875 0.08984375 0.20390625
0 0.20703125 0.4828125 0.07890625 0.215625
0 0.4203125 0.4609375 0.11640625 0.20703125
0 0.2265625 0.665625 0.1140625 0.22421875
0 0.4015625 0.3140625 0.08828125 0.1578125
0 0.4734375 0.68359375 0.115625 0.2515625
0 0.93671875 0.6671875 0.1125 0.225
0 0.1578125 0.18984375 0.0859375 0.1234375
0 0.5875 0.31328125 0.08828125 0.14453125
0 0.6828125 0.3140625 0.0875 0.14921875
0 0.8171875 0.66953125 0.11328125 0.21015625
0 0.40546875 0.8015625 0.0828125 0.1296875
0 0.7640625 0.478125 0.07421875 0.1875
0 0.35 0.6671875 0.11796875 0.2140625
0 0.5375 0.821875 0.07734375 0.09453125
0 0.52109375 0.196875 0.0859375 0.13046875
0 0.6078125 0.8171875 0.05 0.1015625
0 0.08984375 0.2890625 0.11328125 0.19765625
0 0.14140625 0.78828125 0.07890625 0.1546875
0 0.065625 0.1921875 0.0828125 0.12578125
0 0.94375 0.79140625 0.0875 0.153125
0 0.959375 0.2984375 0.08046875 0.10546875
0 0.20703125 0.82109375 0.05 0.08984375
0 0.47109375 0.81875 0.05546875 0.0984375
0 0.6734375 0.8015625 0.075 0.13359375
0 0.271875 0.790625 0.0828125 0.15078125
0 0.3375 0.82109375 0.05078125 0.0921875
0 0.74375 0.81484375 0.04921875 0.1015625
0 0.6859375 0.46171875 0.07421875 0.16328125
0 0.34296875 0.18671875 0.0875 0.11640625
0 0.24921875 0.1828125 0.0859375 0.10234375
0 0.87890625 0.82265625 0.053125 0.09453125
0 0.07109375 0.821875 0.053125 0.090625
0 0.6953125 0.64765625 0.1140625 0.23671875
0 0.20234375 0.31328125 0.10078125 0.16640625
0 0.60625 0.4671875 0.08359375 0.18671875
0 0.70390625 0.1953125 0.0875 0.134375
0 0.43203125 0.19453125 0.090625 0.1296875
0 0.9640625 0.18671875 0.06875 0.1171875
0 0.51953125 0.46796875 0.0828125 0.2171875
0 0.58515625 0.65703125 0.09921875 0.234375
0 0.30390625 0.49296875 0.11015625 0.20390625
0 0.79609375 0.18984375 0.084375 0.1203125
0 0.61484375 0.196875 0.08515625 0.13515625
0 0.12421875 0.4546875 0.08984375 0.20390625
0 0.20703125 0.4828125 0.07890625 0.215625
0 0.4203125 0.4609375 0.11640625 0.20703125
0 0.2265625 0.665625 0.1140625 0.22421875
0 0.4015625 0.3140625 0.08828125 0.1578125
0 0.4734375 0.68359375 0.115625 0.2515625
0 0.93671875 0.6671875 0.1125 0.225
0 0.1578125 0.18984375 0.0859375 0.1234375
0 0.5875 0.31328125 0.08828125 0.14453125
0 0.6828125 0.3140625 0.0875 0.14921875
0 0.8171875 0.66953125 0.11328125 0.21015625
0 0.40546875 0.8015625 0.0828125 0.1296875
0 0.7640625 0.478125 0.07421875 0.1875
0 0.35 0.6671875 0.11796875 0.2140625
0 0.5375 0.821875 0.07734375 0.09453125
0 0.52109375 0.196875 0.0859375 0.13046875
0 0.6078125 0.8171875 0.05 0.1015625
0 0.08984375 0.2890625 0.11328125 0.19765625
0 0.14140625 0.78828125 0.07890625 0.1546875
0 0.065625 0.1921875 0.0828125 0.12578125
0 0.94375 0.79140625 0.0875 0.153125
0 0.959375 0.2984375 0.08046875 0.10546875
0 0.20703125 0.82109375 0.05 0.08984375
0 0.47109375 0.81875 0.05546875 0.0984375
0 0.6734375 0.8015625 0.075 0.13359375
0 0.271875 0.790625 0.0828125 0.15078125
0 0.3375 0.82109375 0.05078125 0.0921875
0 0.74375 0.81484375 0.04921875 0.1015625
0 0.6859375 0.46171875 0.07421875 0.16328125
0 0.34296875 0.18671875 0.0875 0.11640625
15 0.24921875 0.1828125 0.0859375 0.10234375
0 0.87890625 0.82265625 0.053125 0.09453125
0 0.07109375 0.821875 0.053125 0.090625
0 0.20234375 0.31328125 0.10078125 0.16640625
0 0.60625 0.4671875 0.08359375 0.18671875
0 0.70390625 0.1953125 0.0875 0.134375
0 0.43203125 0.19453125 0.090625 0.1296875
0 0.9640625 0.18671875 0.06875 0.1171875
0 0.51953125 0.46796875 0.0828125 0.2171875
0 0.58515625 0.65703125 0.09921875 0.234375
0 0.30390625 0.49296875 0.11015625 0.20390625
0 0.79609375 0.18984375 0.084375 0.1203125
0 0.61484375 0.196875 0.08515625 0.13515625
0 0.12421875 0.4546875 0.08984375 0.20390625
0 0.20703125 0.4828125 0.07890625 0.215625
0 0.4203125 0.4609375 0.11640625 0.20703125
0 0.2265625 0.665625 0.1140625 0.22421875
0 0.4015625 0.3140625 0.08828125 0.1578125
0 0.4734375 0.68359375 0.115625 0.2515625
0 0.93671875 0.6671875 0.1125 0.225
0 0.1578125 0.18984375 0.0859375 0.1234375
0 0.5875 0.31328125 0.08828125 0.14453125
0 0.6828125 0.3140625 0.0875 0.14921875
0 0.8171875 0.66953125 0.11328125 0.21015625
0 0.40546875 0.8015625 0.0828125 0.1296875
0 0.7640625 0.478125 0.07421875 0.1875
0 0.35 0.6671875 0.11796875 0.2140625
0 0.5375 0.821875 0.07734375 0.09453125
0 0.52109375 0.196875 0.0859375 0.13046875
0 0.6078125 0.8171875 0.05 0.1015625
0 0.08984375 0.2890625 0.11328125 0.19765625
0 0.14140625 0.78828125 0.07890625 0.1546875
0 0.065625 0.1921875 0.0828125 0.12578125
0 0.94375 0.79140625 0.0875 0.153125
0 0.959375 0.2984375 0.08046875 0.10546875
0 0.20703125 0.82109375 0.05 0.08984375
0 0.47109375 0.81875 0.05546875 0.0984375
0 0.6734375 0.8015625 0.075 0.13359375
0 0.271875 0.790625 0.0828125 0.15078125
0 0.3375 0.82109375 0.05078125 0.0921875
0 0.74375 0.81484375 0.04921875 0.1015625
0 0.6859375 0.46171875 0.07421875 0.16328125
0 0.34296875 0.18671875 0.0875 0.11640625
0 0.20234375 0.31328125 0.10078125 0.16640625
0 0.60625 0.4671875 0.08359375 0.18671875
0 0.70390625 0.1953125 0.0875 0.134375
0 0.43203125 0.19453125 0.090625 0.1296875
0 0.9640625 0.18671875 0.06875 0.1171875
0 0.51953125 0.46796875 0.0828125 0.2171875
0 0.58515625 0.65703125 0.09921875 0.234375
0 0.30390625 0.49296875 0.11015625 0.20390625
0 0.79609375 0.18984375 0.084375 0.1203125
0 0.61484375 0.196875 0.08515625 0.13515625
0 0.12421875 0.4546875 0.08984375 0.20390625
0 0.20703125 0.4828125 0.07890625 0.215625
0 0.4203125 0.4609375 0.11640625 0.20703125
0 0.2265625 0.665625 0.1140625 0.22421875
0 0.4015625 0.3140625 0.08828125 0.1578125
0 0.4734375 0.68359375 0.115625 0.2515625
0 0.93671875 0.6671875 0.1125 0.225
0 0.1578125 0.18984375 0.0859375 0.1234375
0 0.5875 0.31328125 0.08828125 0.14453125
0 0.6828125 0.3140625 0.0875 0.14921875
0 0.8171875 0.66953125 0.11328125 0.21015625
0 0.40546875 0.8015625 0.0828125 0.1296875
0 0.7640625 0.478125 0.07421875 0.1875
0 0.35 0.6671875 0.11796875 0.2140625
0 0.5375 0.821875 0.07734375 0.09453125
0 0.52109375 0.196875 0.0859375 0.13046875
0 0.6078125 0.8171875 0.05 0.1015625
0 0.08984375 0.2890625 0.11328125 0.19765625
0 0.14140625 0.78828125 0.07890625 0.1546875
0 0.065625 0.1921875 0.0828125 0.12578125
0 0.94375 0.79140625 0.0875 0.153125
0 0.959375 0.2984375 0.08046875 0.10546875
0 0.20703125 0.82109375 0.05 0.08984375
0 0.47109375 0.81875 0.05546875 0.0984375
0 0.6734375 0.8015625 0.075 0.13359375
0 0.20234375 0.31328125 0.10078125 0.16640625
0 0.60625 0.4671875 0.08359375 0.18671875
0 0.70390625 0.1953125 0.0875 0.134375
0 0.43203125 0.19453125 0.090625 0.1296875
0 0.9640625 0.18671875 0.06875 0.1171875
0 0.51953125 0.46796875 0.0828125 0.2171875
0 0.58515625 0.65703125 0.09921875 0.234375
0 0.30390625 0.49296875 0.11015625 0.20390625
0 0.79609375 0.18984375 0.084375 0.1203125
0 0.61484375 0.196875 0.08515625 0.13515625
0 0.12421875 0.4546875 0.08984375 0.20390625
0 0.20703125 0.4828125 0.07890625 0.215625
0 0.4203125 0.4609375 0.11640625 0.20703125
0 0.2265625 0.665625 0.1140625 0.22421875
0 0.4015625 0.3140625 0.08828125 0.1578125
0 0.4734375 0.68359375 0.115625 0.2515625
0 0.93671875 0.6671875 0.1125 0.225
0 0.1578125 0.18984375 0.0859375 0.1234375
0 0.5875 0.31328125 0.08828125 0.14453125
0 0.6828125 0.3140625 0.0875 0.14921875
0 0.8171875 0.66953125 0.11328125 0.21015625
0 0.40546875 0.8015625 0.0828125 0.1296875
0 0.7640625 0.478125 0.07421875 0.1875
0 0.35 0.6671875 0.11796875 0.2140625
0 0.5375 0.821875 0.07734375 0.09453125
0 0.52109375 0.196875 0.0859375 0.13046875
0 0.6078125 0.8171875 0.05 0.1015625
0 0.08984375 0.2890625 0.11328125 0.19765625
0 0.14140625 0.78828125 0.07890625 0.1546875
15 0.065625 0.1921875 0.0828125 0.12578125
0 0.20234375 0.31328125 0.10078125 0.16640625
0 0.60625 0.4671875 0.08359375 0.18671875
0 0.70390625 0.1953125 0.0875 0.134375
0 0.43203125 0.19453125 0.090625 0.1296875
0 0.9640625 0.18671875 0.06875 0.1171875
0 0.51953125 0.46796875 0.0828125 0.2171875
0 0.58515625 0.65703125 0.09921875 0.234375
0 0.30390625 0.49296875 0.11015625 0.20390625
0 0.79609375 0.18984375 0.084375 0.1203125
0 0.61484375 0.196875 0.08515625 0.13515625
0 0.12421875 0.4546875 0.08984375 0.20390625
0 0.20703125 0.4828125 0.07890625 0.215625
0 0.4203125 0.4609375 0.11640625 0.20703125
0 0.2265625 0.665625 0.1140625 0.22421875
0 0.4015625 0.3140625 0.08828125 0.1578125
0 0.4734375 0.68359375 0.115625 0.2515625
0 0.93671875 0.6671875 0.1125 0.225
0 0.1578125 0.18984375 0.0859375 0.1234375
0 0.5875 0.31328125 0.08828125 0.14453125
0 0.6828125 0.3140625 0.0875 0.14921875
0 0.8171875 0.66953125 0.11328125 0.21015625
0 0.40546875 0.8015625 0.0828125 0.1296875
0 0.7640625 0.478125 0.07421875 0.1875
0 0.35 0.6671875 0.11796875 0.2140625
0 0.5375 0.821875 0.07734375 0.09453125
0 0.52109375 0.196875 0.0859375 0.13046875
0 0.20234375 0.31328125 0.10078125 0.16640625
0 0.60625 0.4671875 0.08359375 0.18671875
0 0.70390625 0.1953125 0.0875 0.134375
0 0.43203125 0.19453125 0.090625 0.1296875
0 0.9640625 0.18671875 0.06875 0.1171875
0 0.51953125 0.46796875 0.0828125 0.2171875
0 0.58515625 0.65703125 0.09921875 0.234375
0 0.30390625 0.49296875 0.11015625 0.20390625
0 0.79609375 0.18984375 0.084375 0.1203125
0 0.61484375 0.196875 0.08515625 0.13515625
0 0.12421875 0.4546875 0.08984375 0.20390625
0 0.20703125 0.4828125 0.07890625 0.215625
0 0.4203125 0.4609375 0.11640625 0.20703125
0 0.2265625 0.665625 0.1140625 0.22421875
0 0.4015625 0.3140625 0.08828125 0.1578125
0 0.4734375 0.68359375 0.115625 0.2515625
0 0.93671875 0.6671875 0.1125 0.225
0 0.20234375 0.31328125 0.10078125 0.16640625
0 0.60625 0.4671875 0.08359375 0.18671875
0 0.70390625 0.1953125 0.0875 0.134375
0 0.43203125 0.19453125 0.090625 0.1296875
0 0.9640625 0.18671875 0.06875 0.1171875
0 0.51953125 0.46796875 0.0828125 0.2171875
0 0.58515625 0.65703125 0.09921875 0.234375
0 0.30390625 0.49296875 0.11015625 0.20390625
0 0.20234375 0.31328125 0.10078125 0.16640625
0 0.20234375 0.31328125 0.10078125 0.16640625
0 0.20234375 0.31328125 0.10078125 0.16640625
0 0.20234375 0.31328125 0.10078125 0.16640625
0 0.60625 0.4671875 0.08359375 0.18671875
0 0.70390625 0.1953125 0.0875 0.134375
0 0.20234375 0.31328125 0.10078125 0.16640625
0 0.60625 0.4671875 0.08359375 0.18671875
0 0.70390625 0.1953125 0.0875 0.134375
0 0.43203125 0.19453125 0.090625 0.1296875
0 0.9640625 0.18671875 0.06875 0.1171875
0 0.51953125 0.46796875 0.0828125 0.2171875
0 0.58515625 0.65703125 0.09921875 0.234375
0 0.30390625 0.49296875 0.11015625 0.20390625
0 0.79609375 0.18984375 0.084375 0.1203125
0 0.61484375 0.196875 0.08515625 0.13515625
0 0.12421875 0.4546875 0.08984375 0.20390625
0 0.20703125 0.4828125 0.07890625 0.215625
0 0.4203125 0.4609375 0.11640625 0.20703125
0 0.2265625 0.665625 0.1140625 0.22421875
0 0.4015625 0.3140625 0.08828125 0.1578125
0 0.4734375 0.68359375 0.115625 0.2515625
0 0.93671875 0.6671875 0.1125 0.225
0 0.20234375 0.31328125 0.10078125 0.16640625
0 0.60625 0.4671875 0.08359375 0.18671875
0 0.70390625 0.1953125 0.0875 0.134375
0 0.43203125 0.19453125 0.090625 0.1296875
0 0.9640625 0.18671875 0.06875 0.1171875
0 0.51953125 0.46796875 0.0828125 0.2171875
0 0.58515625 0.65703125 0.09921875 0.234375
0 0.30390625 0.49296875 0.11015625 0.20390625
0 0.79609375 0.18984375 0.084375 0.1203125
0 0.61484375 0.196875 0.08515625 0.13515625
0 0.12421875 0.4546875 0.08984375 0.20390625
0 0.20703125 0.4828125 0.07890625 0.215625
0 0.4203125 0.4609375 0.11640625 0.20703125
0 0.2265625 0.665625 0.1140625 0.22421875
0 0.4015625 0.3140625 0.08828125 0.1578125
0 0.4734375 0.68359375 0.115625 0.2515625
0 0.93671875 0.6671875 0.1125 0.225
0 0.1578125 0.18984375 0.0859375 0.1234375
0 0.5875 0.31328125 0.08828125 0.14453125
0 0.6828125 0.3140625 0.0875 0.14921875
0 0.8171875 0.66953125 0.11328125 0.21015625
0 0.40546875 0.8015625 0.0828125 0.1296875
15 0.20234375 0.31328125 0.10078125 0.16640625
0 0.60625 0.4671875 0.08359375 0.18671875
0 0.70390625 0.1953125 0.0875 0.134375
0 0.43203125 0.19453125 0.090625 0.1296875
0 0.9640625 0.18671875 0.06875 0.1171875
0 0.51953125 0.46796875 0.0828125 0.2171875
0 0.58515625 0.65703125 0.09921875 0.234375
0 0.30390625 0.49296875 0.11015625 0.20390625
0 0.79609375 0.18984375 0.084375 0.1203125
0 0.61484375 0.196875 0.08515625 0.13515625
0 0.12421875 0.4546875 0.08984375 0.20390625
15 0.20703125 0.4828125 0.07890625 0.215625
15 0.4203125 0.4609375 0.11640625 0.20703125
0 0.2265625 0.665625 0.1140625 0.22421875
0 0.4015625 0.3140625 0.08828125 0.1578125
15 0.4734375 0.68359375 0.115625 0.2515625
0 0.93671875 0.6671875 0.1125 0.225
15 0.1578125 0.18984375 0.0859375 0.1234375
0 0.5875 0.31328125 0.08828125 0.14453125
0 0.6828125 0.3140625 0.0875 0.14921875
0 0.8171875 0.66953125 0.11328125 0.21015625
0 0.40546875 0.8015625 0.0828125 0.1296875
0 0.7640625 0.478125 0.07421875 0.1875
0 0.35 0.6671875 0.11796875 0.2140625
0 0.5375 0.821875 0.07734375 0.09453125
0 0.52109375 0.196875 0.0859375 0.13046875
0 0.6078125 0.8171875 0.05 0.1015625