0 0.1375 0.11171875 0.10078125 0.09296875
0 0.225 0.06015625 0.09375 0.0984375
0 0.56875 0.06953125 0.084375 0.08203125
0 0.3453125 0.06640625 0.08984375 0.0859375
0 0.784375 0.06171875 0.090625 0.08515625
0 0.68125 0.06484375 0.08203125 0.08515625
0 0.90703125 0.06484375 0.09296875 0.0890625
0 0.8734375 0.10625 0.1 0.084375
0 0.27578125 0.11015625 0.10703125 0.08828125
0 0.45703125 0.0671875 0.08984375 0.0828125
0 0.5078125 0.11484375 0.10234375 0.09296875
0 0.18984375 0.16171875 0.12578125 0.1015625
0 0.85 0.16796875 0.12265625 0.09296875
0 0.13359375 0.04140625 0.0890625 0.071875
0 0.6359375 0.1171875 0.09453125 0.08671875
0 0.7078125 0.16953125 0.12109375 0.0953125
0 0.7515625 0.1171875 0.1046875 0.0875
0 0.39375 0.1125 0.10546875 0.0859375
0 0.30703125 0.03125 0.0796875 0.0625
0 0.31640625 0.16796875 0.1296875 0.1
0 0.721875 0.0296875 0.071875 0.059375
0 0.51640625 0.0328125 0.08203125 0.0609375
0 0.36640625 0.2421875 0.1484375 0.115625
0 0.44375 0.16796875 0.12578125 0.10078125
0 0.6203125 0.03046875 0.078125 0.0609375
0 0.4140625 0.0328125 0.08046875 0.06171875
0 0.575 0.17109375 0.12890625 0.10078125
0 0.21875 0.23515625 0.15078125 0.11640625
0 0.8 0.23359375 0.14765625 0.1140625
0 0.6625 0.2375 0.14453125 0.115625
0 0.51640625 0.23828125 0.14765625 0.11875
0 0.82109375 0.03359375 0.0765625 0.0640625
0 0.9234375 0.23515625 0.10078125 0.09921875
0 0.084375 0.21015625 0.1234375 0.1265625
0 0.2546875 0.32890625 0.1703125 0.134375
0 0.0640625 0.11015625 0.075 0.06796875
0 0.4296875 0.3296875 0.1671875 0.13671875
0 0.5953125 0.33671875 0.16640625 0.13671875
0 0.759375 0.33203125 0.171875 0.13515625
0 0.2234375 0.025 0.0734375 0.05
0 0.10546875 0.32421875 0.153125 0.1328125
0 0.90546875 0.328125 0.13671875 0.1265625
0 0.06015625 0.05859375 0.0671875 0.0625
0 0.06171875 0.02421875 0.065625 0.0484375
0 0.309375 0.45078125 0.1984375 0.1671875
0 0.69921875 0.465625 0.1953125 0.16484375
0 0.8796875 0.46015625 0.18203125 0.16171875
0 0.5078125 0.45625 0.18984375 0.1609375
0 0.1125 0.4578125 0.16796875 0.165625
0 0.85078125 0.6328125 0.2328125 0.21875
0 0.6125 0.6265625 0.22578125 0.2140625
0 0.15390625 0.60625 0.2328125 0.21015625
0 0.378125 0.615625 0.2234375 0.2140625
0 0.78046875 0.825 0.2796875 0.2390625
0 0.2 0.81875 0.28359375 0.24921875
0 0.49375 0.8234375 0.2828125 0.23359375