0 0.1625 0.66328125 0.121875 0.21328125
0 0.2828125 0.4125 0.1109375 0.16484375
0 0.6125 0.39140625 0.10859375 0.19140625
0 0.90703125 0.4125 0.10703125 0.21640625
0 0.7890625 0.4125 0.11796875 0.2203125
0 0.52578125 0.36796875 0.10234375 0.2375
0 0.396875 0.37109375 0.12578125 0.23515625
0 0.7515625 0.6515625 0.103125 0.22578125
0 0.6671875 0.6078125 0.134375 0.309375
0 0.521875 0.62734375 0.1015625 0.25
0 0.83125 0.615625 0.10625 0.29140625
0 0.7296875 0.3578125 0.09921875 0.2328125
0 0.16875 0.484375 0.10546875 0.16953125
0 0.31796875 0.7234375 0.0859375 0.08828125
0 0.42265625 0.66171875 0.084375 0.21640625
0 0.9453125 0.52421875 0.10390625 0.17890625
0 0.6234375 0.690625 0.090625 0.15546875