10 0.1171875 0.16875 0.1625 0.12890625
10 0.51015625 0.346875 0.15703125 0.20546875
10 0.30546875 0.20390625 0.13984375 0.14296875
10 0.48984375 0.6125 0.2171875 0.2109375
10 0.35625 0.36484375 0.16875 0.140625
10 0.75546875 0.07265625 0.134375 0.1140625
10 0.215625 0.10390625 0.1328125 0.09375
10 0.3078125 0.52890625 0.17421875 0.19453125
10 0.08125 0.07421875 0.159375 0.10390625
10 0.90859375 0.1578125 0.11484375 0.11328125
10 0.5671875 0.10078125 0.1171875 0.11171875
10 0.1734375 0.47734375 0.16640625 0.171875
10 0.83203125 0.26796875 0.1390625 0.22421875
10 0.58828125 0.42890625 0.1546875 0.12890625
10 0.90546875 0.7203125 0.18515625 0.27421875
10 0.13046875 0.3171875 0.14375 0.1390625
10 0.5296875 0.1859375 0.125 0.12109375
10 0.87578125 0.07734375 0.1015625 0.1015625
10 0.42421875 0.07421875 0.1328125 0.14375
10 0.29921875 0.06796875 0.1234375 0.10859375
10 0.73046875 0.52734375 0.159375 0.15546875
10 0.87578125 0.9046875 0.21171875 0.18671875
10 0.65546875 0.74765625 0.1703125 0.2546875
10 0.05859375 0.43359375 0.1171875 0.16484375
10 0.72890625 0.40390625 0.11484375 0.121875
10 0.215625 0.3546875 0.14375 0.1359375
10 0.3046875 0.7140625 0.21953125 0.2109375
10 0.74375 0.24609375 0.11328125 0.11640625
10 0.48984375 0.7890625 0.2 0.221875
10 0.953125 0.31171875 0.09375 0.0859375
10 0.9125 0.50546875 0.16796875 0.19375
10 0.046875 0.265625 0.09375 0.1296875
10 0.35859375 0.89296875 0.259375 0.2140625
10 0.6046875 0.26171875 0.0703125 0.18203125
10 0.54296875 0.03046875 0.11640625 0.0609375
10 0.76015625 0.1703125 0.109375 0.08984375
10 0.35625 0.1421875 0.09921875 0.1234375
10 0.39453125 0.46796875 0.1109375 0.15078125
10 0.0609375 0.603125 0.12109375 0.21328125
10 0.115625 0.9140625 0.22265625 0.16875
10 0.8390625 0.42734375 0.11875 0.12890625
10 0.9484375 0.6125 0.10234375 0.1921875
10 0.6875 0.61328125 0.146875 0.11796875
10 0.9515625 0.40234375 0.09609375 0.11796875