10 0.21796875 0.225 0.08125 0.14765625
10 0.1359375 0.43984375 0.08203125 0.14921875
10 0.2484375 0.49375 0.078125 0.16328125
10 0.14921875 0.090625 0.08046875 0.15234375
10 0.27109375 0.28203125 0.084375 0.16875
10 0.0625 0.5046875 0.0828125 0.17109375
10 0.159375 0.59921875 0.0859375 0.17734375
10 0.08515625 0.2390625 0.09296875 0.15
10 0.26171875 0.65 0.0921875 0.15078125
10 0.075 0.6890625 0.078125 0.14921875
10 0.46171875 0.59921875 0.07421875 0.13984375
10 0.13828125 0.78203125 0.09609375 0.16015625
10 0.36953125 0.696875 0.0703125 0.14765625
10 0.20390625 0.890625 0.08046875 0.15703125
10 0.34140625 0.859375 0.084375 0.1625
10 0.47890625 0.73515625 0.0796875 0.125
10 0.41484375 0.82109375 0.071875 0.14921875
10 0.3984375 0.4625 0.09609375 0.203125
10 0.46875 0.928125 0.09609375 0.14375
10 0.3421875 0.05 0.0875 0.09609375
10 0.8390625 0.27421875 0.1 0.20859375
10 0.0640625 0.9484375 0.06953125 0.10234375
10 0.740625 0.209375 0.10859375 0.2046875
10 0.8234375 0.87890625 0.0921875 0.196875
10 0.290625 0.95 0.0640625 0.0984375
10 0.5765625 0.25546875 0.09375 0.196875
10 0.7921875 0.496875 0.11640625 0.21015625
10 0.4640625 0.08125 0.10859375 0.15703125
10 0.66328125 0.51640625 0.090625 0.18203125
10 0.63046875 0.9453125 0.0859375 0.109375
10 0.3734375 0.25234375 0.10625 0.2
10 0.85703125 0.671875 0.10390625 0.22109375
10 0.678125 0.33046875 0.09921875 0.18203125
10 0.728125 0.8421875 0.11015625 0.20078125
10 0.66484375 0.7140625 0.11015625 0.2125
10 0.565625 0.58515625 0.09453125 0.16875
10 0.56875 0.7984375 0.11640625 0.21484375
10 0.484375 0.36875 0.09375 0.221875
10 0.57890625 0.0890625 0.1109375 0.17265625
10 0.6921875 0.06484375 0.08515625 0.121875