10 0.30859375 0.14921875 0.26328125 0.221875
10 0.23984375 0.11640625 0.16953125 0.175
10 0.2421875 0.5328125 0.1875 0.178125
10 0.48828125 0.05078125 0.1109375 0.0875
10 0.3421875 0.315625 0.16640625 0.1796875
10 0.06875 0.14453125 0.1328125 0.10703125
10 0.94765625 0.09375 0.10390625 0.08671875
10 0.815625 0.45625 0.10546875 0.08125
10 0.8640625 0.44296875 0.22109375 0.1640625
10 0.0796875 0.40546875 0.14453125 0.075
10 0.53671875 0.7703125 0.31328125 0.30703125
10 0.28671875 0.7234375 0.19921875 0.196875
10 0.47421875 0.18203125 0.24765625 0.34609375
10 0.1125 0.4984375 0.10234375 0.13203125
10 0.69765625 0.71328125 0.1359375 0.07265625
10 0.15859375 0.6265625 0.08828125 0.0609375
10 0.20390625 0.27421875 0.1046875 0.11953125
10 0.6 0.5765625 0.07265625 0.1234375
10 0.3046875 0.35234375 0.07421875 0.07421875
10 0.3828125 0.67421875 0.0703125 0.08984375
10 0.1 0.2078125 0.084375 0.0828125
10 0.6046875 0.6671875 0.071875 0.0703125
10 0.64921875 0.68984375 0.0859375 0.06328125
10 0.15546875 0.33984375 0.08203125 0.18046875
10 0.4421875 0.75703125 0.08359375 0.07421875
10 0.1046875 0.2765625 0.0625 0.05234375
10 0.2328125 0.05625 0.07734375 0.07265625
10 0.2953125 0.48515625 0.0671875 0.0625
10 0.47890625 0.603125 0.0625 0.08046875
10 0.78984375 0.39296875 0.046875 0.07890625
10 0.3734375 0.07421875 0.04609375 0.11640625
10 0.6671875 0.0515625 0.12734375 0.103125
10 0.08671875 0.353125 0.06171875 0.0296875
10 0.25390625 0.43984375 0.10234375 0.071875
10 0.09375 0.1140625 0.059375 0.0515625
10 0.03203125 0.43125 0.0578125 0.03046875
10 0.49375 0.915625 0.0671875 0.0609375