10 0.41875 0.48984375 0.81015625 0.89921875
10 0.24921875 0.578125 0.3953125 0.3203125
10 0.65859375 0.165625 0.3375 0.19296875
10 0.0828125 0.45078125 0.1609375 0.171875
10 0.1328125 0.9453125 0.265625 0.109375
10 0.20703125 0.19375 0.3625 0.26796875
10 0.68984375 0.30078125 0.6203125 0.0859375
10 0.86640625 0.1421875 0.2671875 0.253125
10 0.28359375 0.32421875 0.56015625 0.0921875
10 0.4171875 0.1140625 0.34140625 0.2078125
10 0.096875 0.82109375 0.1828125 0.07265625
10 0.1265625 0.04453125 0.1015625 0.0875
10 0.66796875 0.0390625 0.3515625 0.07421875
10 0.1140625 0.26640625 0.1359375 0.053125
10 0.95 0.3640625 0.0765625 0.11953125